0.100000	5.22	99.6	52.1	 993	 994
0.200000	10.4	 199	51.9	 988	 989
0.300000	15.6	 297	51.6	 982	 983
0.400000	20.7	 395	51.4	 977	 978
0.500000	25.9	 492	51.2	 971	 973
0.600000	  31	 589	50.9	 966	 967
0.700000	36.1	 686	50.7	 961	 962
0.800000	41.1	 781	50.5	 955	 957
0.900000	46.2	 877	50.3	 950	 952
1.000000	51.2	 972	  50	 945	 946
1.100000	56.2	1.07e+03	49.8	 940	 941
1.200000	61.1	1.16e+03	49.6	 935	 936
1.300000	66.1	1.25e+03	49.4	 930	 931
1.400000	  71	1.35e+03	49.2	 925	 926
1.500000	75.9	1.44e+03	  49	 920	 921
1.600000	80.8	1.53e+03	48.8	 915	 917
1.700000	85.7	1.62e+03	48.6	 910	 912
1.800000	90.5	1.71e+03	48.4	 906	 907
1.900000	95.3	1.8e+03	48.2	 901	 902
2.000000	 100	1.89e+03	  48	 896	 897
2.100000	 105	1.98e+03	47.8	 892	 893
2.200000	 110	2.07e+03	47.6	 887	 888
2.300000	 114	2.16e+03	47.4	 882	 884
2.400000	 119	2.25e+03	47.2	 878	 879
2.500000	 124	2.33e+03	  47	 873	 874
2.600000	 129	2.42e+03	46.8	 869	 870
2.700000	 133	2.51e+03	46.6	 864	 866
2.800000	 138	2.59e+03	46.4	 860	 861
2.900000	 143	2.68e+03	46.2	 855	 857
3.000000	 147	2.77e+03	46.1	 851	 852
3.100000	 152	2.85e+03	45.9	 847	 848
3.200000	 156	2.93e+03	45.7	 843	 844
3.300000	 161	3.02e+03	45.5	 838	 840
3.400000	 165	3.1e+03	45.3	 834	 835
3.500000	 170	3.19e+03	45.2	 830	 831
3.600000	 174	3.27e+03	  45	 826	 827
3.700000	 179	3.35e+03	44.8	 822	 823
3.800000	 183	3.43e+03	44.7	 818	 819
3.900000	 188	3.51e+03	44.5	 814	 815
4.000000	 192	3.6e+03	44.3	 809	 811
4.100000	 197	3.68e+03	44.2	 805	 807
4.200000	 201	3.76e+03	  44	 802	 803
4.300000	 206	3.84e+03	43.8	 798	 799
4.400000	 210	3.92e+03	43.7	 794	 795
4.500000	 214	4e+03	43.5	 790	 791
4.600000	 219	4.07e+03	43.4	 786	 787
4.700000	 223	4.15e+03	43.2	 782	 783
4.800000	 227	4.23e+03	  43	 778	 780
4.900000	 232	4.31e+03	42.9	 775	 776
5.000000	 236	4.39e+03	42.7	 771	 772
5.100000	 240	4.46e+03	42.6	 767	 768
5.200000	 244	4.54e+03	42.4	 763	 765
5.300000	 249	4.61e+03	42.3	 760	 761
5.400000	 253	4.69e+03	42.1	 756	 757
5.500000	 257	4.77e+03	  42	 753	 754
5.600000	 261	4.84e+03	41.8	 749	 750
5.700000	 265	4.92e+03	41.7	 745	 747
5.800000	 270	4.99e+03	41.6	 742	 743
5.900000	 274	5.06e+03	41.4	 738	 739
6.000000	 278	5.14e+03	41.3	 735	 736
6.100000	 282	5.21e+03	41.1	 731	 733
6.200000	 286	5.28e+03	  41	 728	 729
6.300000	 290	5.36e+03	40.9	 725	 726
6.400000	 294	5.43e+03	40.7	 721	 722
6.500000	 298	5.5e+03	40.6	 718	 719
6.600000	 302	5.57e+03	40.5	 714	 716
6.700000	 306	5.64e+03	40.3	 711	 712
6.800000	 310	5.71e+03	40.2	 708	 709
6.900000	 314	5.79e+03	40.1	 704	 706
7.000000	 318	5.86e+03	39.9	 701	 702
7.100000	 322	5.93e+03	39.8	 698	 699
7.200000	 326	6e+03	39.7	 695	 696
7.300000	 330	6.06e+03	39.5	 692	 693
7.400000	 334	6.13e+03	39.4	 688	 690
7.500000	 338	6.2e+03	39.3	 685	 686
7.600000	 342	6.27e+03	39.2	 682	 683
7.700000	 346	6.34e+03	39.1	 679	 680
7.800000	 350	6.41e+03	38.9	 676	 677
7.900000	 354	6.47e+03	38.8	 673	 674
8.000000	 358	6.54e+03	38.7	 670	 671
8.100000	 362	6.61e+03	38.6	 667	 668
8.200000	 365	6.67e+03	38.4	 664	 665
8.300000	 369	6.74e+03	38.3	 661	 662
8.400000	 373	6.81e+03	38.2	 658	 659
8.500000	 377	6.87e+03	38.1	 655	 656
8.600000	 381	6.94e+03	  38	 652	 653
8.700000	 385	7e+03	37.9	 649	 650
8.800000	 388	7.07e+03	37.8	 646	 647
8.900000	 392	7.13e+03	37.6	 643	 644
9.000000	 396	7.2e+03	37.5	 640	 641
9.100000	 400	7.26e+03	37.4	 637	 638
9.200000	 403	7.32e+03	37.3	 634	 635
9.300000	 407	7.39e+03	37.2	 632	 633
9.400000	 411	7.45e+03	37.1	 629	 630
9.500000	 414	7.51e+03	  37	 626	 627
9.600000	 418	7.57e+03	36.9	 623	 624
9.700000	 422	7.64e+03	36.8	 620	 621
9.800000	 426	7.7e+03	36.7	 618	 619
9.900000	 429	7.76e+03	36.6	 615	 616
10.000000	 433	7.82e+03	36.5	 612	 613
10.100000	 436	7.88e+03	36.4	 609	 611
10.200000	 440	7.94e+03	36.3	 607	 608
10.300000	 444	8e+03	36.2	 604	 605
10.400000	 447	8.06e+03	36.1	 601	 603
10.500000	 451	8.12e+03	  36	 599	 600
10.600000	 455	8.18e+03	35.9	 596	 597
10.700000	 458	8.24e+03	35.8	 594	 595
10.800000	 462	8.3e+03	35.7	 591	 592
10.900000	 465	8.36e+03	35.6	 588	 589
11.000000	 469	8.42e+03	35.5	 586	 587
11.100000	 472	8.48e+03	35.4	 583	 584
11.200000	 476	8.54e+03	35.3	 581	 582
11.300000	 479	8.6e+03	35.2	 578	 579
11.400000	 483	8.65e+03	35.1	 576	 577
11.500000	 486	8.71e+03	  35	 573	 574
11.600000	 490	8.77e+03	34.9	 571	 572
11.700000	 493	8.82e+03	34.8	 568	 569
11.800000	 497	8.88e+03	34.7	 566	 567
11.900000	 500	8.94e+03	34.6	 563	 564
12.000000	 504	8.99e+03	34.5	 561	 562
12.100000	 507	9.05e+03	34.5	 558	 559
12.200000	 511	9.11e+03	34.4	 556	 557
12.300000	 514	9.16e+03	34.3	 554	 555
12.400000	 518	9.22e+03	34.2	 551	 552
12.500000	 521	9.27e+03	34.1	 549	 550
12.600000	 524	9.33e+03	  34	 546	 548
12.700000	 528	9.38e+03	33.9	 544	 545
12.800000	 531	9.43e+03	33.8	 542	 543
12.900000	 535	9.49e+03	33.8	 539	 540
13.000000	 538	9.54e+03	33.7	 537	 538
13.100000	 541	9.6e+03	33.6	 535	 536
13.200000	 545	9.65e+03	33.5	 533	 534
13.300000	 548	9.7e+03	33.4	 530	 531
13.400000	 551	9.76e+03	33.4	 528	 529
13.500000	 555	9.81e+03	33.3	 526	 527
13.600000	 558	9.86e+03	33.2	 523	 524
13.700000	 561	9.91e+03	33.1	 521	 522
13.800000	 565	9.97e+03	  33	 519	 520
13.900000	 568	1e+04	  33	 517	 518
14.000000	 571	1.01e+04	32.9	 515	 516
14.100000	 574	1.01e+04	32.8	 512	 513
14.200000	 578	1.02e+04	32.7	 510	 511
14.300000	 581	1.02e+04	32.6	 508	 509
14.400000	 584	1.03e+04	32.6	 506	 507
14.500000	 588	1.03e+04	32.5	 504	 505
14.600000	 591	1.04e+04	32.4	 501	 503
14.700000	 594	1.04e+04	32.3	 499	 500
14.800000	 597	1.05e+04	32.3	 497	 498
14.900000	 600	1.05e+04	32.2	 495	 496
15.000000	 604	1.06e+04	32.1	 493	 494
15.100000	 607	1.06e+04	  32	 491	 492
15.200000	 610	1.07e+04	  32	 489	 490
15.300000	 613	1.07e+04	31.9	 487	 488
15.400000	 616	1.08e+04	31.8	 485	 486
15.500000	 620	1.08e+04	31.8	 483	 484
15.600000	 623	1.09e+04	31.7	 481	 482
15.700000	 626	1.09e+04	31.6	 479	 480
15.800000	 629	1.1e+04	31.5	 476	 478
15.900000	 632	1.1e+04	31.5	 474	 475
16.000000	 635	1.11e+04	31.4	 472	 473
16.100000	 639	1.11e+04	31.3	 470	 471
16.200000	 642	1.11e+04	31.3	 468	 469
16.300000	 645	1.12e+04	31.2	 466	 467
16.400000	 648	1.12e+04	31.1	 464	 466
16.500000	 651	1.13e+04	31.1	 462	 464
16.600000	 654	1.13e+04	  31	 461	 462
16.700000	 657	1.14e+04	30.9	 459	 460
16.800000	 660	1.14e+04	30.9	 457	 458
16.900000	 663	1.15e+04	30.8	 455	 456
17.000000	 666	1.15e+04	30.7	 453	 454
17.100000	 670	1.16e+04	30.7	 451	 452
17.200000	 673	1.16e+04	30.6	 449	 450
17.300000	 676	1.17e+04	30.6	 447	 448
17.400000	 679	1.17e+04	30.5	 445	 446
17.500000	 682	1.17e+04	30.4	 443	 444
17.600000	 685	1.18e+04	30.4	 441	 442
17.700000	 688	1.18e+04	30.3	 439	 440
17.800000	 691	1.19e+04	30.2	 438	 439
17.900000	 694	1.19e+04	30.2	 436	 437
18.000000	 697	1.2e+04	30.1	 434	 435
18.100000	 700	1.2e+04	30.1	 432	 433
18.200000	 703	1.2e+04	  30	 430	 431
18.300000	 706	1.21e+04	29.9	 428	 429
18.400000	 709	1.21e+04	29.9	 427	 428
18.500000	 712	1.22e+04	29.8	 425	 426
18.600000	 715	1.22e+04	29.8	 423	 424
18.700000	 718	1.23e+04	29.7	 421	 422
18.800000	 721	1.23e+04	29.7	 419	 420
18.900000	 724	1.23e+04	29.6	 418	 419
19.000000	 727	1.24e+04	29.5	 416	 417
19.100000	 730	1.24e+04	29.5	 414	 415
19.200000	 733	1.25e+04	29.4	 412	 413
19.300000	 736	1.25e+04	29.4	 410	 411
19.400000	 739	1.26e+04	29.3	 409	 410
19.500000	 741	1.26e+04	29.3	 407	 408
19.600000	 744	1.26e+04	29.2	 405	 406
19.700000	 747	1.27e+04	29.1	 403	 404
19.800000	 750	1.27e+04	29.1	 402	 403
19.900000	 753	1.28e+04	  29	 400	 401
20.000000	 756	1.28e+04	  29	 398	 399
20.100000	 759	1.28e+04	28.9	 397	 398
20.200000	 762	1.29e+04	28.9	 395	 396
20.300000	 765	1.29e+04	28.8	 393	 394
20.400000	 768	1.3e+04	28.8	 391	 393
20.500000	 770	1.3e+04	28.7	 390	 391
20.600000	 773	1.3e+04	28.7	 388	 389
20.700000	 776	1.31e+04	28.6	 386	 387
20.800000	 779	1.31e+04	28.6	 385	 386
20.900000	 782	1.31e+04	28.5	 383	 384
21.000000	 785	1.32e+04	28.5	 381	 382
21.100000	 788	1.32e+04	28.4	 380	 381
21.200000	 790	1.33e+04	28.4	 378	 379
21.300000	 793	1.33e+04	28.3	 377	 378
21.400000	 796	1.33e+04	28.3	 375	 376
21.500000	 799	1.34e+04	28.2	 373	 374
21.600000	 802	1.34e+04	28.2	 372	 373
21.700000	 805	1.34e+04	28.1	 370	 371
21.800000	 807	1.35e+04	28.1	 368	 369
21.900000	 810	1.35e+04	  28	 367	 368
22.000000	 813	1.36e+04	  28	 365	 366
22.100000	 816	1.36e+04	27.9	 364	 365
22.200000	 819	1.36e+04	27.9	 362	 363
22.300000	 821	1.37e+04	27.8	 360	 361
22.400000	 824	1.37e+04	27.8	 359	 360
22.500000	 827	1.37e+04	27.8	 357	 358
22.600000	 830	1.38e+04	27.7	 356	 357
22.700000	 832	1.38e+04	27.7	 354	 355
22.800000	 835	1.38e+04	27.6	 353	 354
22.900000	 838	1.39e+04	27.6	 351	 352
23.000000	 841	1.39e+04	27.5	 349	 351
23.100000	 843	1.39e+04	27.5	 348	 349
23.200000	 846	1.4e+04	27.4	 346	 347
23.300000	 849	1.4e+04	27.4	 345	 346
23.400000	 852	1.41e+04	27.3	 343	 344
23.500000	 854	1.41e+04	27.3	 342	 343
23.600000	 857	1.41e+04	27.3	 340	 341
23.700000	 860	1.42e+04	27.2	 339	 340
23.800000	 863	1.42e+04	27.2	 337	 338
23.900000	 865	1.42e+04	27.1	 336	 337
24.000000	 868	1.43e+04	27.1	 334	 335
24.100000	 871	1.43e+04	27.1	 333	 334
24.200000	 873	1.43e+04	  27	 331	 332
24.300000	 876	1.44e+04	  27	 330	 331
24.400000	 879	1.44e+04	26.9	 328	 329
24.500000	 882	1.44e+04	26.9	 327	 328
24.600000	 884	1.45e+04	26.8	 325	 326
24.700000	 887	1.45e+04	26.8	 324	 325
24.800000	 890	1.45e+04	26.8	 322	 324
24.900000	 892	1.45e+04	26.7	 321	 322
25.000000	 895	1.46e+04	26.7	 320	 321
25.100000	 898	1.46e+04	26.6	 318	 319
25.200000	 900	1.46e+04	26.6	 317	 318
25.300000	 903	1.47e+04	26.6	 315	 316
25.400000	 906	1.47e+04	26.5	 314	 315
25.500000	 908	1.47e+04	26.5	 312	 313
25.600000	 911	1.48e+04	26.5	 311	 312
25.700000	 913	1.48e+04	26.4	 309	 311
25.800000	 916	1.48e+04	26.4	 308	 309
25.900000	 919	1.49e+04	26.3	 307	 308
26.000000	 921	1.49e+04	26.3	 305	 306
26.100000	 924	1.49e+04	26.3	 304	 305
26.200000	 927	1.5e+04	26.2	 302	 304
26.300000	 929	1.5e+04	26.2	 301	 302
26.400000	 932	1.5e+04	26.2	 300	 301
26.500000	 935	1.5e+04	26.1	 298	 299
26.600000	 937	1.51e+04	26.1	 297	 298
26.700000	 940	1.51e+04	26.1	 295	 297
26.800000	 942	1.51e+04	  26	 294	 295
26.900000	 945	1.52e+04	  26	 293	 294
27.000000	 948	1.52e+04	25.9	 291	 292
27.100000	 950	1.52e+04	25.9	 290	 291
27.200000	 953	1.52e+04	25.9	 289	 290
27.300000	 955	1.53e+04	25.8	 287	 288
27.400000	 958	1.53e+04	25.8	 286	 287
27.500000	 960	1.53e+04	25.8	 284	 286
27.600000	 963	1.54e+04	25.7	 283	 284
27.700000	 966	1.54e+04	25.7	 282	 283
27.800000	 968	1.54e+04	25.7	 280	 282
27.900000	 971	1.54e+04	25.6	 279	 280
28.000000	 973	1.55e+04	25.6	 278	 279
28.100000	 976	1.55e+04	25.6	 276	 278
28.200000	 978	1.55e+04	25.5	 275	 276
28.300000	 981	1.56e+04	25.5	 274	 275
28.400000	 984	1.56e+04	25.5	 272	 274
28.500000	 986	1.56e+04	25.4	 271	 272
28.600000	 989	1.56e+04	25.4	 270	 271
28.700000	 991	1.57e+04	25.4	 268	 270
28.800000	 994	1.57e+04	25.3	 267	 268
28.900000	 996	1.57e+04	25.3	 266	 267
29.000000	 999	1.57e+04	25.3	 265	 266
29.100000	1e+03	1.58e+04	25.3	 263	 264
29.200000	1e+03	1.58e+04	25.2	 262	 263
29.300000	1.01e+03	1.58e+04	25.2	 261	 262
29.400000	1.01e+03	1.59e+04	25.2	 259	 261
29.500000	1.01e+03	1.59e+04	25.1	 258	 259
29.600000	1.01e+03	1.59e+04	25.1	 257	 258
29.700000	1.02e+03	1.59e+04	25.1	 255	 257
29.800000	1.02e+03	1.6e+04	  25	 254	 255
29.900000	1.02e+03	1.6e+04	  25	 253	 254
30.000000	1.02e+03	1.6e+04	  25	 252	 253
30.100000	1.03e+03	1.6e+04	  25	 250	 252
30.200000	1.03e+03	1.61e+04	24.9	 249	 250
30.300000	1.03e+03	1.61e+04	24.9	 248	 249
30.400000	1.03e+03	1.61e+04	24.9	 247	 248
30.500000	1.04e+03	1.61e+04	24.8	 245	 247
30.600000	1.04e+03	1.62e+04	24.8	 244	 245
30.700000	1.04e+03	1.62e+04	24.8	 243	 244
30.800000	1.04e+03	1.62e+04	24.8	 242	 243
30.900000	1.05e+03	1.62e+04	24.7	 240	 242
31.000000	1.05e+03	1.63e+04	24.7	 239	 240
31.100000	1.05e+03	1.63e+04	24.7	 238	 239
31.200000	1.05e+03	1.63e+04	24.6	 237	 238
31.300000	1.06e+03	1.63e+04	24.6	 235	 237
31.400000	1.06e+03	1.63e+04	24.6	 234	 235
31.500000	1.06e+03	1.64e+04	24.6	 233	 234
31.600000	1.06e+03	1.64e+04	24.5	 232	 233
31.700000	1.07e+03	1.64e+04	24.5	 230	 232
31.800000	1.07e+03	1.64e+04	24.5	 229	 230
31.900000	1.07e+03	1.65e+04	24.5	 228	 229
32.000000	1.07e+03	1.65e+04	24.4	 227	 228
32.100000	1.08e+03	1.65e+04	24.4	 226	 227
32.200000	1.08e+03	1.65e+04	24.4	 224	 226
32.300000	1.08e+03	1.66e+04	24.4	 223	 224
32.400000	1.08e+03	1.66e+04	24.3	 222	 223
32.500000	1.09e+03	1.66e+04	24.3	 221	 222
32.600000	1.09e+03	1.66e+04	24.3	 219	 221
32.700000	1.09e+03	1.66e+04	24.3	 218	 220
32.800000	1.09e+03	1.67e+04	24.2	 217	 218
32.900000	1.1e+03	1.67e+04	24.2	 216	 217
33.000000	1.1e+03	1.67e+04	24.2	 215	 216
33.100000	1.1e+03	1.67e+04	24.2	 213	 215
33.200000	1.1e+03	1.67e+04	24.1	 212	 214
33.300000	1.1e+03	1.68e+04	24.1	 211	 212
33.400000	1.11e+03	1.68e+04	24.1	 210	 211
33.500000	1.11e+03	1.68e+04	24.1	 209	 210
33.600000	1.11e+03	1.68e+04	  24	 208	 209
33.700000	1.11e+03	1.69e+04	  24	 206	 208
33.800000	1.12e+03	1.69e+04	  24	 205	 207
33.900000	1.12e+03	1.69e+04	  24	 204	 205
34.000000	1.12e+03	1.69e+04	  24	 203	 204
34.100000	1.12e+03	1.69e+04	23.9	 202	 203
34.200000	1.13e+03	1.7e+04	23.9	 201	 202
34.300000	1.13e+03	1.7e+04	23.9	 199	 201
34.400000	1.13e+03	1.7e+04	23.9	 198	 200
34.500000	1.13e+03	1.7e+04	23.8	 197	 198
34.600000	1.14e+03	1.7e+04	23.8	 196	 197
34.700000	1.14e+03	1.71e+04	23.8	 195	 196
34.800000	1.14e+03	1.71e+04	23.8	 194	 195
34.900000	1.14e+03	1.71e+04	23.8	 192	 194
35.000000	1.15e+03	1.71e+04	23.7	 191	 193
35.100000	1.15e+03	1.71e+04	23.7	 190	 192
35.200000	1.15e+03	1.71e+04	23.7	 189	 190
35.300000	1.15e+03	1.72e+04	23.7	 188	 189
35.400000	1.15e+03	1.72e+04	23.7	 187	 188
35.500000	1.16e+03	1.72e+04	23.6	 186	 187
35.600000	1.16e+03	1.72e+04	23.6	 184	 186
35.700000	1.16e+03	1.72e+04	23.6	 183	 185
35.800000	1.16e+03	1.73e+04	23.6	 182	 184
35.900000	1.17e+03	1.73e+04	23.6	 181	 182
36.000000	1.17e+03	1.73e+04	23.5	 180	 181
36.100000	1.17e+03	1.73e+04	23.5	 179	 180
36.200000	1.17e+03	1.73e+04	23.5	 178	 179
36.300000	1.18e+03	1.73e+04	23.5	 176	 178
36.400000	1.18e+03	1.74e+04	23.5	 175	 177
36.500000	1.18e+03	1.74e+04	23.4	 174	 176
36.600000	1.18e+03	1.74e+04	23.4	 173	 175
36.700000	1.19e+03	1.74e+04	23.4	 172	 174
36.800000	1.19e+03	1.74e+04	23.4	 171	 172
36.900000	1.19e+03	1.75e+04	23.4	 170	 171
37.000000	1.19e+03	1.75e+04	23.3	 169	 170
37.100000	1.19e+03	1.75e+04	23.3	 168	 169
37.200000	1.2e+03	1.75e+04	23.3	 166	 168
37.300000	1.2e+03	1.75e+04	23.3	 165	 167
37.400000	1.2e+03	1.75e+04	23.3	 164	 166
37.500000	1.2e+03	1.76e+04	23.3	 163	 165
37.600000	1.21e+03	1.76e+04	23.2	 162	 164
37.700000	1.21e+03	1.76e+04	23.2	 161	 163
37.800000	1.21e+03	1.76e+04	23.2	 160	 161
37.900000	1.21e+03	1.76e+04	23.2	 159	 160
38.000000	1.22e+03	1.76e+04	23.2	 158	 159
38.100000	1.22e+03	1.76e+04	23.2	 156	 158
38.200000	1.22e+03	1.77e+04	23.1	 155	 157
38.300000	1.22e+03	1.77e+04	23.1	 154	 156
38.400000	1.23e+03	1.77e+04	23.1	 153	 155
38.500000	1.23e+03	1.77e+04	23.1	 152	 154
38.600000	1.23e+03	1.77e+04	23.1	 151	 153
38.700000	1.23e+03	1.77e+04	23.1	 150	 152
38.800000	1.23e+03	1.78e+04	  23	 149	 151
38.900000	1.24e+03	1.78e+04	  23	 148	 150
39.000000	1.24e+03	1.78e+04	  23	 147	 148
39.100000	1.24e+03	1.78e+04	  23	 146	 147
39.200000	1.24e+03	1.78e+04	  23	 145	 146
39.300000	1.25e+03	1.78e+04	  23	 143	 145
39.400000	1.25e+03	1.78e+04	22.9	 142	 144
39.500000	1.25e+03	1.79e+04	22.9	 141	 143
39.600000	1.25e+03	1.79e+04	22.9	 140	 142
39.700000	1.26e+03	1.79e+04	22.9	 139	 141
39.800000	1.26e+03	1.79e+04	22.9	 138	 140
39.900000	1.26e+03	1.79e+04	22.9	 137	 139
40.000000	1.26e+03	1.79e+04	22.9	 136	 138
40.100000	1.26e+03	1.79e+04	22.8	 135	 137
40.200000	1.27e+03	1.8e+04	22.8	 134	 136
40.300000	1.27e+03	1.8e+04	22.8	 133	 135
40.400000	1.27e+03	1.8e+04	22.8	 132	 134
40.500000	1.27e+03	1.8e+04	22.8	 131	 133
40.600000	1.28e+03	1.8e+04	22.8	 130	 132
40.700000	1.28e+03	1.8e+04	22.8	 129	 131
40.800000	1.28e+03	1.8e+04	22.7	 127	 129
40.900000	1.28e+03	1.8e+04	22.7	 126	 128
41.000000	1.28e+03	1.81e+04	22.7	 125	 127
41.100000	1.29e+03	1.81e+04	22.7	 124	 126
41.200000	1.29e+03	1.81e+04	22.7	 123	 125
41.300000	1.29e+03	1.81e+04	22.7	 122	 124
41.400000	1.29e+03	1.81e+04	22.7	 121	 123
41.500000	1.3e+03	1.81e+04	22.6	 120	 122
41.600000	1.3e+03	1.81e+04	22.6	 119	 121
41.700000	1.3e+03	1.81e+04	22.6	 118	 120
41.800000	1.3e+03	1.82e+04	22.6	 117	 119
41.900000	1.31e+03	1.82e+04	22.6	 116	 118
42.000000	1.31e+03	1.82e+04	22.6	 115	 117
42.100000	1.31e+03	1.82e+04	22.6	 114	 116
42.200000	1.31e+03	1.82e+04	22.6	 113	 115
42.300000	1.31e+03	1.82e+04	22.6	 112	 114
42.400000	1.32e+03	1.82e+04	22.5	 111	 113
42.500000	1.32e+03	1.82e+04	22.5	 110	 112
42.600000	1.32e+03	1.82e+04	22.5	 109	 111
42.700000	1.32e+03	1.83e+04	22.5	 108	 110
42.800000	1.33e+03	1.83e+04	22.5	 107	 109
42.900000	1.33e+03	1.83e+04	22.5	 106	 108
43.000000	1.33e+03	1.83e+04	22.5	 105	 107
43.100000	1.33e+03	1.83e+04	22.5	 103	 106
43.200000	1.33e+03	1.83e+04	22.4	 102	 105
43.300000	1.34e+03	1.83e+04	22.4	 101	 104
43.400000	1.34e+03	1.83e+04	22.4	 100	 103
43.500000	1.34e+03	1.83e+04	22.4	99.4	 102
43.600000	1.34e+03	1.83e+04	22.4	98.3	 101
43.700000	1.35e+03	1.84e+04	22.4	97.3	99.8
43.800000	1.35e+03	1.84e+04	22.4	96.3	98.8
43.900000	1.35e+03	1.84e+04	22.4	95.3	97.8
44.000000	1.35e+03	1.84e+04	22.4	94.2	96.8
44.100000	1.35e+03	1.84e+04	22.4	93.2	95.9
44.200000	1.36e+03	1.84e+04	22.3	92.2	94.9
44.300000	1.36e+03	1.84e+04	22.3	91.2	93.9
44.400000	1.36e+03	1.84e+04	22.3	90.1	92.9
44.500000	1.36e+03	1.84e+04	22.3	89.1	91.9
44.600000	1.37e+03	1.84e+04	22.3	88.1	90.9
44.700000	1.37e+03	1.84e+04	22.3	87.1	89.9
44.800000	1.37e+03	1.85e+04	22.3	86.1	88.9
44.900000	1.37e+03	1.85e+04	22.3	85.1	87.9
45.000000	1.37e+03	1.85e+04	22.3	84.1	  87
45.100000	1.38e+03	1.85e+04	22.3	  83	  86
45.200000	1.38e+03	1.85e+04	22.3	  82	  85
45.300000	1.38e+03	1.85e+04	22.2	  81	  84
45.400000	1.38e+03	1.85e+04	22.2	  80	  83
45.500000	1.39e+03	1.85e+04	22.2	  79	82.1
45.600000	1.39e+03	1.85e+04	22.2	  78	81.1
45.700000	1.39e+03	1.85e+04	22.2	  77	80.1
45.800000	1.39e+03	1.85e+04	22.2	  76	79.1
45.900000	1.39e+03	1.85e+04	22.2	  75	78.2
46.000000	1.4e+03	1.86e+04	22.2	73.9	77.2
46.100000	1.4e+03	1.86e+04	22.2	72.9	76.2
46.200000	1.4e+03	1.86e+04	22.2	71.9	75.3
46.300000	1.4e+03	1.86e+04	22.2	70.9	74.3
46.400000	1.41e+03	1.86e+04	22.2	69.9	73.4
46.500000	1.41e+03	1.86e+04	22.1	68.9	72.4
46.600000	1.41e+03	1.86e+04	22.1	67.9	71.4
46.700000	1.41e+03	1.86e+04	22.1	66.9	70.5
46.800000	1.41e+03	1.86e+04	22.1	65.9	69.5
46.900000	1.42e+03	1.86e+04	22.1	64.9	68.6
47.000000	1.42e+03	1.86e+04	22.1	63.9	67.6
47.100000	1.42e+03	1.86e+04	22.1	62.9	66.7
47.200000	1.42e+03	1.86e+04	22.1	61.9	65.7
47.300000	1.43e+03	1.86e+04	22.1	60.9	64.8
47.400000	1.43e+03	1.86e+04	22.1	59.9	63.9
47.500000	1.43e+03	1.87e+04	22.1	58.9	62.9
47.600000	1.43e+03	1.87e+04	22.1	57.9	  62
47.700000	1.43e+03	1.87e+04	22.1	56.9	61.1
47.800000	1.44e+03	1.87e+04	22.1	55.9	60.1
47.900000	1.44e+03	1.87e+04	22.1	54.9	59.2
48.000000	1.44e+03	1.87e+04	  22	53.9	58.3
48.100000	1.44e+03	1.87e+04	  22	52.9	57.4
48.200000	1.45e+03	1.87e+04	  22	  52	56.4
48.300000	1.45e+03	1.87e+04	  22	  51	55.5
48.400000	1.45e+03	1.87e+04	  22	  50	54.6
48.500000	1.45e+03	1.87e+04	  22	  49	53.7
48.600000	1.45e+03	1.87e+04	  22	  48	52.8
48.700000	1.46e+03	1.87e+04	  22	  47	51.9
48.800000	1.46e+03	1.87e+04	  22	  46	  51
48.900000	1.46e+03	1.87e+04	  22	  45	50.1
49.000000	1.46e+03	1.87e+04	  22	  44	49.2
49.100000	1.47e+03	1.87e+04	  22	  43	48.3
49.200000	1.47e+03	1.87e+04	  22	  42	47.4
49.300000	1.47e+03	1.87e+04	  22	41.1	46.6
49.400000	1.47e+03	1.87e+04	  22	40.1	45.7
49.500000	1.47e+03	1.88e+04	  22	39.1	44.8
49.600000	1.48e+03	1.88e+04	  22	38.1	  44
49.700000	1.48e+03	1.88e+04	  22	37.1	43.1
49.800000	1.48e+03	1.88e+04	  22	36.1	42.3
49.900000	1.48e+03	1.88e+04	  22	35.1	41.4
50.000000	1.48e+03	1.88e+04	21.9	34.1	40.6
50.100000	1.49e+03	1.88e+04	21.9	33.2	39.8
50.200000	1.49e+03	1.88e+04	21.9	32.2	38.9
50.300000	1.49e+03	1.88e+04	21.9	31.2	38.1
50.400000	1.49e+03	1.88e+04	21.9	30.2	37.3
50.500000	1.5e+03	1.88e+04	21.9	29.2	36.5
50.600000	1.5e+03	1.88e+04	21.9	28.2	35.7
50.700000	1.5e+03	1.88e+04	21.9	27.2	  35
50.800000	1.5e+03	1.88e+04	21.9	26.3	34.2
50.900000	1.5e+03	1.88e+04	21.9	25.3	33.4
51.000000	1.51e+03	1.88e+04	21.9	24.3	32.7
51.100000	1.51e+03	1.88e+04	21.9	23.3	  32
51.200000	1.51e+03	1.88e+04	21.9	22.3	31.3
51.300000	1.51e+03	1.88e+04	21.9	21.3	30.6
51.400000	1.52e+03	1.88e+04	21.9	20.4	29.9
51.500000	1.52e+03	1.88e+04	21.9	19.4	29.2
51.600000	1.52e+03	1.88e+04	21.9	18.4	28.6
51.700000	1.52e+03	1.88e+04	21.9	17.4	  28
51.800000	1.52e+03	1.88e+04	21.9	16.4	27.4
51.900000	1.53e+03	1.88e+04	21.9	15.4	26.8
52.000000	1.53e+03	1.88e+04	21.9	14.5	26.2
52.100000	1.53e+03	1.88e+04	21.9	13.5	25.7
52.200000	1.53e+03	1.88e+04	21.9	12.5	25.2
52.300000	1.54e+03	1.88e+04	21.9	11.5	24.7
52.400000	1.54e+03	1.88e+04	21.9	10.5	24.3
52.500000	1.54e+03	1.88e+04	21.9	9.55	23.9
52.600000	1.54e+03	1.88e+04	21.9	8.57	23.5
52.700000	1.54e+03	1.88e+04	21.9	7.59	23.1
52.800000	1.55e+03	1.88e+04	21.9	6.61	22.8
52.900000	1.55e+03	1.88e+04	21.9	5.63	22.6
53.000000	1.55e+03	1.88e+04	21.9	4.65	22.3
53.100000	1.55e+03	1.88e+04	21.9	3.67	22.2
53.200000	1.56e+03	1.88e+04	21.9	2.69	  22
53.300000	1.56e+03	1.88e+04	21.8	1.71	21.9
53.400000	1.56e+03	1.88e+04	21.8	0.727	21.9
53.500000	1.56e+03	1.88e+04	21.8	-0.253	21.8
53.600000	1.56e+03	1.88e+04	21.8	-1.23	21.9
53.700000	1.57e+03	1.88e+04	21.8	-2.21	  22
53.800000	1.57e+03	1.88e+04	21.8	-3.19	22.1
53.900000	1.57e+03	1.88e+04	21.8	-4.17	22.2
54.000000	1.57e+03	1.88e+04	21.8	-5.15	22.4
54.100000	1.57e+03	1.88e+04	21.8	-6.13	22.7
54.200000	1.58e+03	1.88e+04	21.8	-7.11	  23
54.300000	1.58e+03	1.88e+04	21.8	-8.09	23.3
54.400000	1.58e+03	1.88e+04	21.8	-9.07	23.6
54.500000	1.58e+03	1.88e+04	21.8	 -10	  24
54.600000	1.59e+03	1.88e+04	21.8	 -11	24.4
54.700000	1.59e+03	1.88e+04	21.8	 -12	24.9
54.800000	1.59e+03	1.88e+04	21.8	 -13	25.4
54.900000	1.59e+03	1.88e+04	21.8	 -14	25.9
55.000000	1.59e+03	1.88e+04	21.8	-14.9	26.4
55.100000	1.6e+03	1.88e+04	21.8	-15.9	  27
55.200000	1.6e+03	1.88e+04	21.8	-16.9	27.6
55.300000	1.6e+03	1.88e+04	21.8	-17.9	28.2
55.400000	1.6e+03	1.88e+04	21.8	-18.9	28.8
55.500000	1.61e+03	1.88e+04	21.8	-19.8	29.5
55.600000	1.61e+03	1.88e+04	21.8	-20.8	30.1
55.700000	1.61e+03	1.88e+04	21.8	-21.8	30.8
55.800000	1.61e+03	1.88e+04	21.8	-22.8	31.5
55.900000	1.61e+03	1.88e+04	21.8	-23.7	32.2
56.000000	1.62e+03	1.88e+04	21.8	-24.7	32.9
56.100000	1.62e+03	1.88e+04	21.8	-25.7	33.7
56.200000	1.62e+03	1.88e+04	21.8	-26.7	34.4
56.300000	1.62e+03	1.88e+04	21.8	-27.6	35.2
56.400000	1.62e+03	1.88e+04	21.8	-28.6	  36
56.500000	1.63e+03	1.88e+04	21.8	-29.6	36.7
56.600000	1.63e+03	1.88e+04	21.8	-30.6	37.5
56.700000	1.63e+03	1.88e+04	21.8	-31.5	38.3
56.800000	1.63e+03	1.88e+04	21.8	-32.5	39.1
56.900000	1.64e+03	1.88e+04	21.7	-33.5	39.9
57.000000	1.64e+03	1.88e+04	21.7	-34.5	40.8
57.100000	1.64e+03	1.88e+04	21.7	-35.4	41.6
57.200000	1.64e+03	1.88e+04	21.7	-36.4	42.4
57.300000	1.64e+03	1.88e+04	21.7	-37.4	43.2
57.400000	1.65e+03	1.88e+04	21.7	-38.4	44.1
57.500000	1.65e+03	1.88e+04	21.7	-39.3	44.9
57.600000	1.65e+03	1.87e+04	21.7	-40.3	45.8
57.700000	1.65e+03	1.87e+04	21.7	-41.3	46.6
57.800000	1.66e+03	1.87e+04	21.7	-42.2	47.5
57.900000	1.66e+03	1.87e+04	21.7	-43.2	48.4
58.000000	1.66e+03	1.87e+04	21.7	-44.2	49.2
58.100000	1.66e+03	1.87e+04	21.7	-45.2	50.1
58.200000	1.66e+03	1.87e+04	21.7	-46.1	  51
58.300000	1.67e+03	1.87e+04	21.7	-47.1	51.8
58.400000	1.67e+03	1.87e+04	21.7	-48.1	52.7
58.500000	1.67e+03	1.87e+04	21.7	 -49	53.6
58.600000	1.67e+03	1.87e+04	21.7	 -50	54.5
58.700000	1.67e+03	1.87e+04	21.7	 -51	55.4
58.800000	1.68e+03	1.87e+04	21.7	-51.9	56.3
58.900000	1.68e+03	1.87e+04	21.7	-52.9	57.2
59.000000	1.68e+03	1.87e+04	21.6	-53.9	58.1
59.100000	1.68e+03	1.87e+04	21.6	-54.8	58.9
59.200000	1.69e+03	1.87e+04	21.6	-55.8	59.8
59.300000	1.69e+03	1.87e+04	21.6	-56.8	60.7
59.400000	1.69e+03	1.87e+04	21.6	-57.7	61.6
59.500000	1.69e+03	1.87e+04	21.6	-58.7	62.5
59.600000	1.69e+03	1.86e+04	21.6	-59.7	63.4
59.700000	1.7e+03	1.86e+04	21.6	-60.6	64.4
59.800000	1.7e+03	1.86e+04	21.6	-61.6	65.3
59.900000	1.7e+03	1.86e+04	21.6	-62.5	66.2
60.000000	1.7e+03	1.86e+04	21.6	-63.5	67.1
60.100000	1.71e+03	1.86e+04	21.6	-64.5	  68
60.200000	1.71e+03	1.86e+04	21.6	-65.4	68.9
60.300000	1.71e+03	1.86e+04	21.6	-66.4	69.8
60.400000	1.71e+03	1.86e+04	21.6	-67.3	70.7
60.500000	1.71e+03	1.86e+04	21.6	-68.3	71.6
60.600000	1.72e+03	1.86e+04	21.5	-69.3	72.5
60.700000	1.72e+03	1.86e+04	21.5	-70.2	73.4
60.800000	1.72e+03	1.86e+04	21.5	-71.2	74.4
60.900000	1.72e+03	1.86e+04	21.5	-72.1	75.3
61.000000	1.72e+03	1.86e+04	21.5	-73.1	76.2
61.100000	1.73e+03	1.85e+04	21.5	 -74	77.1
61.200000	1.73e+03	1.85e+04	21.5	 -75	  78
61.300000	1.73e+03	1.85e+04	21.5	-75.9	78.9
61.400000	1.73e+03	1.85e+04	21.5	-76.9	79.8
61.500000	1.74e+03	1.85e+04	21.5	-77.8	80.8
61.600000	1.74e+03	1.85e+04	21.5	-78.8	81.7
61.700000	1.74e+03	1.85e+04	21.5	-79.7	82.6
61.800000	1.74e+03	1.85e+04	21.5	-80.7	83.5
61.900000	1.74e+03	1.85e+04	21.4	-81.6	84.4
62.000000	1.75e+03	1.85e+04	21.4	-82.6	85.3
62.100000	1.75e+03	1.85e+04	21.4	-83.5	86.2
62.200000	1.75e+03	1.85e+04	21.4	-84.5	87.2
62.300000	1.75e+03	1.85e+04	21.4	-85.4	88.1
62.400000	1.75e+03	1.84e+04	21.4	-86.4	  89
62.500000	1.76e+03	1.84e+04	21.4	-87.3	89.9
62.600000	1.76e+03	1.84e+04	21.4	-88.3	90.8
62.700000	1.76e+03	1.84e+04	21.4	-89.2	91.7
62.800000	1.76e+03	1.84e+04	21.4	-90.2	92.7
62.900000	1.77e+03	1.84e+04	21.4	-91.1	93.6
63.000000	1.77e+03	1.84e+04	21.3	 -92	94.5
63.100000	1.77e+03	1.84e+04	21.3	 -93	95.4
63.200000	1.77e+03	1.84e+04	21.3	-93.9	96.3
63.300000	1.77e+03	1.84e+04	21.3	-94.9	97.2
63.400000	1.78e+03	1.84e+04	21.3	-95.8	98.1
63.500000	1.78e+03	1.83e+04	21.3	-96.7	  99
63.600000	1.78e+03	1.83e+04	21.3	-97.7	 100
63.700000	1.78e+03	1.83e+04	21.3	-98.6	 101
63.800000	1.78e+03	1.83e+04	21.3	-99.5	 102
63.900000	1.79e+03	1.83e+04	21.3	-100	 103
64.000000	1.79e+03	1.83e+04	21.3	-101	 104
64.100000	1.79e+03	1.83e+04	21.2	-102	 105
64.200000	1.79e+03	1.83e+04	21.2	-103	 105
64.300000	1.8e+03	1.83e+04	21.2	-104	 106
64.400000	1.8e+03	1.83e+04	21.2	-105	 107
64.500000	1.8e+03	1.82e+04	21.2	-106	 108
64.600000	1.8e+03	1.82e+04	21.2	-107	 109
64.700000	1.8e+03	1.82e+04	21.2	-108	 110
64.800000	1.81e+03	1.82e+04	21.2	-109	 111
64.900000	1.81e+03	1.82e+04	21.2	-110	 112
65.000000	1.81e+03	1.82e+04	21.1	-111	 113
65.100000	1.81e+03	1.82e+04	21.1	-112	 114
65.200000	1.81e+03	1.82e+04	21.1	-113	 114
65.300000	1.82e+03	1.82e+04	21.1	-113	 115
65.400000	1.82e+03	1.81e+04	21.1	-114	 116
65.500000	1.82e+03	1.81e+04	21.1	-115	 117
65.600000	1.82e+03	1.81e+04	21.1	-116	 118
65.700000	1.82e+03	1.81e+04	21.1	-117	 119
65.800000	1.83e+03	1.81e+04	21.1	-118	 120
65.900000	1.83e+03	1.81e+04	  21	-119	 121
66.000000	1.83e+03	1.81e+04	  21	-120	 122
66.100000	1.83e+03	1.81e+04	  21	-121	 123
66.200000	1.84e+03	1.8e+04	  21	-122	 123
66.300000	1.84e+03	1.8e+04	  21	-123	 124
66.400000	1.84e+03	1.8e+04	  21	-124	 125
66.500000	1.84e+03	1.8e+04	  21	-124	 126
66.600000	1.84e+03	1.8e+04	  21	-125	 127
66.700000	1.85e+03	1.8e+04	20.9	-126	 128
66.800000	1.85e+03	1.8e+04	20.9	-127	 129
66.900000	1.85e+03	1.8e+04	20.9	-128	 130
67.000000	1.85e+03	1.79e+04	20.9	-129	 131
67.100000	1.85e+03	1.79e+04	20.9	-130	 132
67.200000	1.86e+03	1.79e+04	20.9	-131	 132
67.300000	1.86e+03	1.79e+04	20.9	-132	 133
67.400000	1.86e+03	1.79e+04	20.9	-133	 134
67.500000	1.86e+03	1.79e+04	20.8	-133	 135
67.600000	1.86e+03	1.79e+04	20.8	-134	 136
67.700000	1.87e+03	1.79e+04	20.8	-135	 137
67.800000	1.87e+03	1.78e+04	20.8	-136	 138
67.900000	1.87e+03	1.78e+04	20.8	-137	 139
68.000000	1.87e+03	1.78e+04	20.8	-138	 139
68.100000	1.87e+03	1.78e+04	20.8	-139	 140
68.200000	1.88e+03	1.78e+04	20.8	-140	 141
68.300000	1.88e+03	1.78e+04	20.7	-141	 142
68.400000	1.88e+03	1.78e+04	20.7	-141	 143
68.500000	1.88e+03	1.77e+04	20.7	-142	 144
68.600000	1.89e+03	1.77e+04	20.7	-143	 145
68.700000	1.89e+03	1.77e+04	20.7	-144	 146
68.800000	1.89e+03	1.77e+04	20.7	-145	 146
68.900000	1.89e+03	1.77e+04	20.7	-146	 147
69.000000	1.89e+03	1.77e+04	20.6	-147	 148
69.100000	1.9e+03	1.77e+04	20.6	-148	 149
69.200000	1.9e+03	1.76e+04	20.6	-149	 150
69.300000	1.9e+03	1.76e+04	20.6	-149	 151
69.400000	1.9e+03	1.76e+04	20.6	-150	 152
69.500000	1.9e+03	1.76e+04	20.6	-151	 153
69.600000	1.91e+03	1.76e+04	20.6	-152	 153
69.700000	1.91e+03	1.76e+04	20.5	-153	 154
69.800000	1.91e+03	1.75e+04	20.5	-154	 155
69.900000	1.91e+03	1.75e+04	20.5	-155	 156
70.000000	1.91e+03	1.75e+04	20.5	-156	 157
70.100000	1.92e+03	1.75e+04	20.5	-156	 158
70.200000	1.92e+03	1.75e+04	20.5	-157	 159
70.300000	1.92e+03	1.75e+04	20.5	-158	 159
70.400000	1.92e+03	1.75e+04	20.4	-159	 160
70.500000	1.92e+03	1.74e+04	20.4	-160	 161
70.600000	1.93e+03	1.74e+04	20.4	-161	 162
70.700000	1.93e+03	1.74e+04	20.4	-162	 163
70.800000	1.93e+03	1.74e+04	20.4	-162	 164
70.900000	1.93e+03	1.74e+04	20.4	-163	 165
71.000000	1.93e+03	1.74e+04	20.4	-164	 165
71.100000	1.94e+03	1.73e+04	20.3	-165	 166
71.200000	1.94e+03	1.73e+04	20.3	-166	 167
71.300000	1.94e+03	1.73e+04	20.3	-167	 168
71.400000	1.94e+03	1.73e+04	20.3	-168	 169
71.500000	1.94e+03	1.73e+04	20.3	-168	 170
71.600000	1.95e+03	1.73e+04	20.3	-169	 170
71.700000	1.95e+03	1.72e+04	20.2	-170	 171
71.800000	1.95e+03	1.72e+04	20.2	-171	 172
71.900000	1.95e+03	1.72e+04	20.2	-172	 173
72.000000	1.95e+03	1.72e+04	20.2	-173	 174
72.100000	1.96e+03	1.72e+04	20.2	-173	 175
72.200000	1.96e+03	1.72e+04	20.2	-174	 175
72.300000	1.96e+03	1.71e+04	20.1	-175	 176
72.400000	1.96e+03	1.71e+04	20.1	-176	 177
72.500000	1.96e+03	1.71e+04	20.1	-177	 178
72.600000	1.97e+03	1.71e+04	20.1	-178	 179
72.700000	1.97e+03	1.71e+04	20.1	-179	 180
72.800000	1.97e+03	1.7e+04	20.1	-179	 180
72.900000	1.97e+03	1.7e+04	  20	-180	 181
73.000000	1.97e+03	1.7e+04	  20	-181	 182
73.100000	1.98e+03	1.7e+04	  20	-182	 183
73.200000	1.98e+03	1.7e+04	  20	-183	 184
73.300000	1.98e+03	1.7e+04	  20	-183	 185
73.400000	1.98e+03	1.69e+04	  20	-184	 185
73.500000	1.98e+03	1.69e+04	19.9	-185	 186
73.600000	1.99e+03	1.69e+04	19.9	-186	 187
73.700000	1.99e+03	1.69e+04	19.9	-187	 188
73.800000	1.99e+03	1.69e+04	19.9	-188	 189
73.900000	1.99e+03	1.68e+04	19.9	-188	 189
74.000000	1.99e+03	1.68e+04	19.9	-189	 190
74.100000	2e+03	1.68e+04	19.8	-190	 191
74.200000	2e+03	1.68e+04	19.8	-191	 192
74.300000	2e+03	1.68e+04	19.8	-192	 193
74.400000	2e+03	1.68e+04	19.8	-192	 194
74.500000	2e+03	1.67e+04	19.8	-193	 194
74.600000	2.01e+03	1.67e+04	19.8	-194	 195
74.700000	2.01e+03	1.67e+04	19.7	-195	 196
74.800000	2.01e+03	1.67e+04	19.7	-196	 197
74.900000	2.01e+03	1.67e+04	19.7	-197	 198
75.000000	2.01e+03	1.66e+04	19.7	-197	 198
75.100000	2.02e+03	1.66e+04	19.7	-198	 199
75.200000	2.02e+03	1.66e+04	19.6	-199	 200
75.300000	2.02e+03	1.66e+04	19.6	-200	 201
75.400000	2.02e+03	1.66e+04	19.6	-201	 201
75.500000	2.02e+03	1.65e+04	19.6	-201	 202
75.600000	2.03e+03	1.65e+04	19.6	-202	 203
75.700000	2.03e+03	1.65e+04	19.6	-203	 204
75.800000	2.03e+03	1.65e+04	19.5	-204	 205
75.900000	2.03e+03	1.65e+04	19.5	-204	 205
76.000000	2.03e+03	1.64e+04	19.5	-205	 206
76.100000	2.04e+03	1.64e+04	19.5	-206	 207
76.200000	2.04e+03	1.64e+04	19.5	-207	 208
76.300000	2.04e+03	1.64e+04	19.4	-208	 209
76.400000	2.04e+03	1.64e+04	19.4	-208	 209
76.500000	2.04e+03	1.63e+04	19.4	-209	 210
76.600000	2.05e+03	1.63e+04	19.4	-210	 211
76.700000	2.05e+03	1.63e+04	19.4	-211	 212
76.800000	2.05e+03	1.63e+04	19.4	-211	 212
76.900000	2.05e+03	1.62e+04	19.3	-212	 213
77.000000	2.05e+03	1.62e+04	19.3	-213	 214
77.100000	2.06e+03	1.62e+04	19.3	-214	 215
77.200000	2.06e+03	1.62e+04	19.3	-215	 215
77.300000	2.06e+03	1.62e+04	19.3	-215	 216
77.400000	2.06e+03	1.61e+04	19.2	-216	 217
77.500000	2.06e+03	1.61e+04	19.2	-217	 218
77.600000	2.07e+03	1.61e+04	19.2	-218	 218
77.700000	2.07e+03	1.61e+04	19.2	-218	 219
77.800000	2.07e+03	1.61e+04	19.2	-219	 220
77.900000	2.07e+03	1.6e+04	19.1	-220	 221
78.000000	2.07e+03	1.6e+04	19.1	-221	 222
78.100000	2.07e+03	1.6e+04	19.1	-221	 222
78.200000	2.08e+03	1.6e+04	19.1	-222	 223
78.300000	2.08e+03	1.59e+04	19.1	-223	 224
78.400000	2.08e+03	1.59e+04	  19	-224	 225
78.500000	2.08e+03	1.59e+04	  19	-224	 225
78.600000	2.08e+03	1.59e+04	  19	-225	 226
78.700000	2.09e+03	1.59e+04	  19	-226	 227
78.800000	2.09e+03	1.58e+04	  19	-227	 227
78.900000	2.09e+03	1.58e+04	18.9	-227	 228
79.000000	2.09e+03	1.58e+04	18.9	-228	 229
79.100000	2.09e+03	1.58e+04	18.9	-229	 230
79.200000	2.1e+03	1.57e+04	18.9	-230	 230
79.300000	2.1e+03	1.57e+04	18.9	-230	 231
79.400000	2.1e+03	1.57e+04	18.8	-231	 232
79.500000	2.1e+03	1.57e+04	18.8	-232	 233
79.600000	2.1e+03	1.56e+04	18.8	-233	 233
79.700000	2.11e+03	1.56e+04	18.8	-233	 234
79.800000	2.11e+03	1.56e+04	18.8	-234	 235
79.900000	2.11e+03	1.56e+04	18.7	-235	 236
80.000000	2.11e+03	1.56e+04	18.7	-236	 236
80.100000	2.11e+03	1.55e+04	18.7	-236	 237
80.200000	2.11e+03	1.55e+04	18.7	-237	 238
80.300000	2.12e+03	1.55e+04	18.7	-238	 238
80.400000	2.12e+03	1.55e+04	18.6	-238	 239
80.500000	2.12e+03	1.54e+04	18.6	-239	 240
80.600000	2.12e+03	1.54e+04	18.6	-240	 241
80.700000	2.12e+03	1.54e+04	18.6	-241	 241
80.800000	2.13e+03	1.54e+04	18.6	-241	 242
80.900000	2.13e+03	1.53e+04	18.5	-242	 243
81.000000	2.13e+03	1.53e+04	18.5	-243	 243
81.100000	2.13e+03	1.53e+04	18.5	-243	 244
81.200000	2.13e+03	1.53e+04	18.5	-244	 245
81.300000	2.13e+03	1.52e+04	18.5	-245	 245
81.400000	2.14e+03	1.52e+04	18.4	-246	 246
81.500000	2.14e+03	1.52e+04	18.4	-246	 247
81.600000	2.14e+03	1.52e+04	18.4	-247	 248
81.700000	2.14e+03	1.51e+04	18.4	-248	 248
81.800000	2.14e+03	1.51e+04	18.4	-248	 249
81.900000	2.15e+03	1.51e+04	18.3	-249	 250
82.000000	2.15e+03	1.51e+04	18.3	-250	 250
82.100000	2.15e+03	1.5e+04	18.3	-250	 251
82.200000	2.15e+03	1.5e+04	18.3	-251	 252
82.300000	2.15e+03	1.5e+04	18.2	-252	 252
82.400000	2.15e+03	1.5e+04	18.2	-252	 253
82.500000	2.16e+03	1.49e+04	18.2	-253	 254
82.600000	2.16e+03	1.49e+04	18.2	-254	 254
82.700000	2.16e+03	1.49e+04	18.2	-255	 255
82.800000	2.16e+03	1.49e+04	18.1	-255	 256
82.900000	2.16e+03	1.48e+04	18.1	-256	 257
83.000000	2.17e+03	1.48e+04	18.1	-257	 257
83.100000	2.17e+03	1.48e+04	18.1	-257	 258
83.200000	2.17e+03	1.48e+04	18.1	-258	 259
83.300000	2.17e+03	1.47e+04	  18	-259	 259
83.400000	2.17e+03	1.47e+04	  18	-259	 260
83.500000	2.17e+03	1.47e+04	  18	-260	 261
83.600000	2.18e+03	1.47e+04	  18	-261	 261
83.700000	2.18e+03	1.46e+04	17.9	-261	 262
83.800000	2.18e+03	1.46e+04	17.9	-262	 263
83.900000	2.18e+03	1.46e+04	17.9	-263	 263
84.000000	2.18e+03	1.46e+04	17.9	-263	 264
84.100000	2.19e+03	1.45e+04	17.9	-264	 265
84.200000	2.19e+03	1.45e+04	17.8	-265	 265
84.300000	2.19e+03	1.45e+04	17.8	-265	 266
84.400000	2.19e+03	1.44e+04	17.8	-266	 266
84.500000	2.19e+03	1.44e+04	17.8	-267	 267
84.600000	2.19e+03	1.44e+04	17.8	-267	 268
84.700000	2.2e+03	1.44e+04	17.7	-268	 268
84.800000	2.2e+03	1.43e+04	17.7	-268	 269
84.900000	2.2e+03	1.43e+04	17.7	-269	 270
85.000000	2.2e+03	1.43e+04	17.7	-270	 270
85.100000	2.2e+03	1.43e+04	17.6	-270	 271
85.200000	2.21e+03	1.42e+04	17.6	-271	 272
85.300000	2.21e+03	1.42e+04	17.6	-272	 272
85.400000	2.21e+03	1.42e+04	17.6	-272	 273
85.500000	2.21e+03	1.42e+04	17.6	-273	 274
85.600000	2.21e+03	1.41e+04	17.5	-274	 274
85.700000	2.21e+03	1.41e+04	17.5	-274	 275
85.800000	2.22e+03	1.41e+04	17.5	-275	 275
85.900000	2.22e+03	1.4e+04	17.5	-276	 276
86.000000	2.22e+03	1.4e+04	17.4	-276	 277
86.100000	2.22e+03	1.4e+04	17.4	-277	 277
86.200000	2.22e+03	1.4e+04	17.4	-277	 278
86.300000	2.22e+03	1.39e+04	17.4	-278	 279
86.400000	2.23e+03	1.39e+04	17.4	-279	 279
86.500000	2.23e+03	1.39e+04	17.3	-279	 280
86.600000	2.23e+03	1.38e+04	17.3	-280	 280
86.700000	2.23e+03	1.38e+04	17.3	-281	 281
86.800000	2.23e+03	1.38e+04	17.3	-281	 282
86.900000	2.23e+03	1.38e+04	17.2	-282	 282
87.000000	2.24e+03	1.37e+04	17.2	-282	 283
87.100000	2.24e+03	1.37e+04	17.2	-283	 284
87.200000	2.24e+03	1.37e+04	17.2	-284	 284
87.300000	2.24e+03	1.36e+04	17.2	-284	 285
87.400000	2.24e+03	1.36e+04	17.1	-285	 285
87.500000	2.25e+03	1.36e+04	17.1	-285	 286
87.600000	2.25e+03	1.36e+04	17.1	-286	 287
87.700000	2.25e+03	1.35e+04	17.1	-287	 287
87.800000	2.25e+03	1.35e+04	  17	-287	 288
87.900000	2.25e+03	1.35e+04	  17	-288	 288
88.000000	2.25e+03	1.34e+04	  17	-288	 289
88.100000	2.26e+03	1.34e+04	  17	-289	 290
88.200000	2.26e+03	1.34e+04	  17	-290	 290
88.300000	2.26e+03	1.34e+04	16.9	-290	 291
88.400000	2.26e+03	1.33e+04	16.9	-291	 291
88.500000	2.26e+03	1.33e+04	16.9	-291	 292
88.600000	2.26e+03	1.33e+04	16.9	-292	 292
88.700000	2.27e+03	1.32e+04	16.8	-293	 293
88.800000	2.27e+03	1.32e+04	16.8	-293	 294
88.900000	2.27e+03	1.32e+04	16.8	-294	 294
89.000000	2.27e+03	1.32e+04	16.8	-294	 295
89.100000	2.27e+03	1.31e+04	16.7	-295	 295
89.200000	2.27e+03	1.31e+04	16.7	-296	 296
89.300000	2.28e+03	1.31e+04	16.7	-296	 297
89.400000	2.28e+03	1.3e+04	16.7	-297	 297
89.500000	2.28e+03	1.3e+04	16.7	-297	 298
89.600000	2.28e+03	1.3e+04	16.6	-298	 298
89.700000	2.28e+03	1.3e+04	16.6	-298	 299
89.800000	2.28e+03	1.29e+04	16.6	-299	 299
89.900000	2.29e+03	1.29e+04	16.6	-300	 300
90.000000	2.29e+03	1.29e+04	16.5	-300	 301
90.100000	2.29e+03	1.28e+04	16.5	-301	 301
90.200000	2.29e+03	1.28e+04	16.5	-301	 302
90.300000	2.29e+03	1.28e+04	16.5	-302	 302
90.400000	2.29e+03	1.27e+04	16.5	-302	 303
90.500000	2.3e+03	1.27e+04	16.4	-303	 303
90.600000	2.3e+03	1.27e+04	16.4	-303	 304
90.700000	2.3e+03	1.26e+04	16.4	-304	 304
90.800000	2.3e+03	1.26e+04	16.4	-305	 305
90.900000	2.3e+03	1.26e+04	16.3	-305	 306
91.000000	2.3e+03	1.26e+04	16.3	-306	 306
91.100000	2.31e+03	1.25e+04	16.3	-306	 307
91.200000	2.31e+03	1.25e+04	16.3	-307	 307
91.300000	2.31e+03	1.25e+04	16.2	-307	 308
91.400000	2.31e+03	1.24e+04	16.2	-308	 308
91.500000	2.31e+03	1.24e+04	16.2	-308	 309
91.600000	2.31e+03	1.24e+04	16.2	-309	 309
91.700000	2.31e+03	1.23e+04	16.2	-309	 310
91.800000	2.32e+03	1.23e+04	16.1	-310	 310
91.900000	2.32e+03	1.23e+04	16.1	-311	 311
92.000000	2.32e+03	1.22e+04	16.1	-311	 312
92.100000	2.32e+03	1.22e+04	16.1	-312	 312
92.200000	2.32e+03	1.22e+04	  16	-312	 313
92.300000	2.32e+03	1.22e+04	  16	-313	 313
92.400000	2.33e+03	1.21e+04	  16	-313	 314
92.500000	2.33e+03	1.21e+04	  16	-314	 314
92.600000	2.33e+03	1.21e+04	15.9	-314	 315
92.700000	2.33e+03	1.2e+04	15.9	-315	 315
92.800000	2.33e+03	1.2e+04	15.9	-315	 316
92.900000	2.33e+03	1.2e+04	15.9	-316	 316
93.000000	2.34e+03	1.19e+04	15.9	-316	 317
93.100000	2.34e+03	1.19e+04	15.8	-317	 317
93.200000	2.34e+03	1.19e+04	15.8	-317	 318
93.300000	2.34e+03	1.18e+04	15.8	-318	 318
93.400000	2.34e+03	1.18e+04	15.8	-318	 319
93.500000	2.34e+03	1.18e+04	15.7	-319	 319
93.600000	2.35e+03	1.17e+04	15.7	-319	 320
93.700000	2.35e+03	1.17e+04	15.7	-320	 320
93.800000	2.35e+03	1.17e+04	15.7	-321	 321
93.900000	2.35e+03	1.16e+04	15.6	-321	 321
94.000000	2.35e+03	1.16e+04	15.6	-322	 322
94.100000	2.35e+03	1.16e+04	15.6	-322	 322
94.200000	2.35e+03	1.16e+04	15.6	-323	 323
94.300000	2.36e+03	1.15e+04	15.6	-323	 323
94.400000	2.36e+03	1.15e+04	15.5	-324	 324
94.500000	2.36e+03	1.15e+04	15.5	-324	 324
94.600000	2.36e+03	1.14e+04	15.5	-325	 325
94.700000	2.36e+03	1.14e+04	15.5	-325	 325
94.800000	2.36e+03	1.14e+04	15.4	-326	 326
94.900000	2.37e+03	1.13e+04	15.4	-326	 326
95.000000	2.37e+03	1.13e+04	15.4	-326	 327
95.100000	2.37e+03	1.13e+04	15.4	-327	 327
95.200000	2.37e+03	1.12e+04	15.3	-327	 328
95.300000	2.37e+03	1.12e+04	15.3	-328	 328
95.400000	2.37e+03	1.12e+04	15.3	-328	 329
95.500000	2.37e+03	1.11e+04	15.3	-329	 329
95.600000	2.38e+03	1.11e+04	15.3	-329	 330
95.700000	2.38e+03	1.11e+04	15.2	-330	 330
95.800000	2.38e+03	1.1e+04	15.2	-330	 331
95.900000	2.38e+03	1.1e+04	15.2	-331	 331
96.000000	2.38e+03	1.1e+04	15.2	-331	 332
96.100000	2.38e+03	1.09e+04	15.1	-332	 332
96.200000	2.39e+03	1.09e+04	15.1	-332	 333
96.300000	2.39e+03	1.09e+04	15.1	-333	 333
96.400000	2.39e+03	1.08e+04	15.1	-333	 334
96.500000	2.39e+03	1.08e+04	  15	-334	 334
96.600000	2.39e+03	1.08e+04	  15	-334	 334
96.700000	2.39e+03	1.07e+04	  15	-335	 335
96.800000	2.39e+03	1.07e+04	  15	-335	 335
96.900000	2.4e+03	1.07e+04	  15	-336	 336
97.000000	2.4e+03	1.06e+04	14.9	-336	 336
97.100000	2.4e+03	1.06e+04	14.9	-336	 337
97.200000	2.4e+03	1.06e+04	14.9	-337	 337
97.300000	2.4e+03	1.05e+04	14.9	-337	 338
97.400000	2.4e+03	1.05e+04	14.8	-338	 338
97.500000	2.4e+03	1.05e+04	14.8	-338	 339
97.600000	2.41e+03	1.04e+04	14.8	-339	 339
97.700000	2.41e+03	1.04e+04	14.8	-339	 340
97.800000	2.41e+03	1.04e+04	14.7	-340	 340
97.900000	2.41e+03	1.03e+04	14.7	-340	 340
98.000000	2.41e+03	1.03e+04	14.7	-341	 341
98.100000	2.41e+03	1.03e+04	14.7	-341	 341
98.200000	2.42e+03	1.02e+04	14.7	-341	 342
98.300000	2.42e+03	1.02e+04	14.6	-342	 342
98.400000	2.42e+03	1.02e+04	14.6	-342	 343
98.500000	2.42e+03	1.01e+04	14.6	-343	 343
98.600000	2.42e+03	1.01e+04	14.6	-343	 344
98.700000	2.42e+03	1.01e+04	14.5	-344	 344
98.800000	2.42e+03	1e+04	14.5	-344	 344
98.900000	2.43e+03	9.98e+03	14.5	-345	 345
99.000000	2.43e+03	9.95e+03	14.5	-345	 345
99.100000	2.43e+03	9.91e+03	14.4	-345	 346
99.200000	2.43e+03	9.88e+03	14.4	-346	 346
99.300000	2.43e+03	9.84e+03	14.4	-346	 347
99.400000	2.43e+03	9.81e+03	14.4	-347	 347
99.500000	2.43e+03	9.78e+03	14.4	-347	 347
99.600000	2.44e+03	9.74e+03	14.3	-348	 348
99.700000	2.44e+03	9.71e+03	14.3	-348	 348
99.800000	2.44e+03	9.67e+03	14.3	-348	 349
99.900000	2.44e+03	9.64e+03	14.3	-349	 349
100.000000	2.44e+03	9.6e+03	14.2	-349	 350
100.100000	2.44e+03	9.57e+03	14.2	-350	 350
100.200000	2.44e+03	9.53e+03	14.2	-350	 350
100.300000	2.45e+03	9.5e+03	14.2	-350	 351
100.400000	2.45e+03	9.46e+03	14.2	-351	 351
100.500000	2.45e+03	9.43e+03	14.1	-351	 352
100.600000	2.45e+03	9.39e+03	14.1	-352	 352
100.700000	2.45e+03	9.36e+03	14.1	-352	 352
100.800000	2.45e+03	9.32e+03	14.1	-353	 353
100.900000	2.45e+03	9.29e+03	  14	-353	 353
101.000000	2.46e+03	9.25e+03	  14	-353	 354
101.100000	2.46e+03	9.21e+03	  14	-354	 354
101.200000	2.46e+03	9.18e+03	  14	-354	 354
101.300000	2.46e+03	9.14e+03	13.9	-355	 355
101.400000	2.46e+03	9.11e+03	13.9	-355	 355
101.500000	2.46e+03	9.07e+03	13.9	-355	 356
101.600000	2.46e+03	9.04e+03	13.9	-356	 356
101.700000	2.47e+03	9e+03	13.9	-356	 356
101.800000	2.47e+03	8.97e+03	13.8	-357	 357
101.900000	2.47e+03	8.93e+03	13.8	-357	 357
102.000000	2.47e+03	8.89e+03	13.8	-357	 358
102.100000	2.47e+03	8.86e+03	13.8	-358	 358
102.200000	2.47e+03	8.82e+03	13.7	-358	 358
102.300000	2.47e+03	8.79e+03	13.7	-359	 359
102.400000	2.47e+03	8.75e+03	13.7	-359	 359
102.500000	2.48e+03	8.72e+03	13.7	-359	 360
102.600000	2.48e+03	8.68e+03	13.7	-360	 360
102.700000	2.48e+03	8.64e+03	13.6	-360	 360
102.800000	2.48e+03	8.61e+03	13.6	-360	 361
102.900000	2.48e+03	8.57e+03	13.6	-361	 361
103.000000	2.48e+03	8.54e+03	13.6	-361	 362
103.100000	2.48e+03	8.5e+03	13.5	-362	 362
103.200000	2.49e+03	8.46e+03	13.5	-362	 362
103.300000	2.49e+03	8.43e+03	13.5	-362	 363
103.400000	2.49e+03	8.39e+03	13.5	-363	 363
103.500000	2.49e+03	8.35e+03	13.4	-363	 363
103.600000	2.49e+03	8.32e+03	13.4	-364	 364
103.700000	2.49e+03	8.28e+03	13.4	-364	 364
103.800000	2.49e+03	8.25e+03	13.4	-364	 365
103.900000	2.49e+03	8.21e+03	13.4	-365	 365
104.000000	2.5e+03	8.17e+03	13.3	-365	 365
104.100000	2.5e+03	8.14e+03	13.3	-365	 366
104.200000	2.5e+03	8.1e+03	13.3	-366	 366
104.300000	2.5e+03	8.06e+03	13.3	-366	 366
104.400000	2.5e+03	8.03e+03	13.2	-366	 367
104.500000	2.5e+03	7.99e+03	13.2	-367	 367
104.600000	2.5e+03	7.95e+03	13.2	-367	 367
104.700000	2.51e+03	7.92e+03	13.2	-368	 368
104.800000	2.51e+03	7.88e+03	13.2	-368	 368
104.900000	2.51e+03	7.84e+03	13.1	-368	 368
105.000000	2.51e+03	7.81e+03	13.1	-369	 369
105.100000	2.51e+03	7.77e+03	13.1	-369	 369
105.200000	2.51e+03	7.73e+03	13.1	-369	 370
105.300000	2.51e+03	7.69e+03	  13	-370	 370
105.400000	2.51e+03	7.66e+03	  13	-370	 370
105.500000	2.52e+03	7.62e+03	  13	-370	 371
105.600000	2.52e+03	7.58e+03	  13	-371	 371
105.700000	2.52e+03	7.55e+03	  13	-371	 371
105.800000	2.52e+03	7.51e+03	12.9	-371	 372
105.900000	2.52e+03	7.47e+03	12.9	-372	 372
106.000000	2.52e+03	7.44e+03	12.9	-372	 372
106.100000	2.52e+03	7.4e+03	12.9	-372	 373
106.200000	2.53e+03	7.36e+03	12.8	-373	 373
106.300000	2.53e+03	7.32e+03	12.8	-373	 373
106.400000	2.53e+03	7.29e+03	12.8	-373	 374
106.500000	2.53e+03	7.25e+03	12.8	-374	 374
106.600000	2.53e+03	7.21e+03	12.8	-374	 374
106.700000	2.53e+03	7.17e+03	12.7	-374	 375
106.800000	2.53e+03	7.14e+03	12.7	-375	 375
106.900000	2.53e+03	7.1e+03	12.7	-375	 375
107.000000	2.54e+03	7.06e+03	12.7	-376	 376
107.100000	2.54e+03	7.02e+03	12.7	-376	 376
107.200000	2.54e+03	6.99e+03	12.6	-376	 376
107.300000	2.54e+03	6.95e+03	12.6	-376	 377
107.400000	2.54e+03	6.91e+03	12.6	-377	 377
107.500000	2.54e+03	6.87e+03	12.6	-377	 377
107.600000	2.54e+03	6.84e+03	12.5	-377	 378
107.700000	2.54e+03	6.8e+03	12.5	-378	 378
107.800000	2.55e+03	6.76e+03	12.5	-378	 378
107.900000	2.55e+03	6.72e+03	12.5	-378	 379
108.000000	2.55e+03	6.68e+03	12.5	-379	 379
108.100000	2.55e+03	6.65e+03	12.4	-379	 379
108.200000	2.55e+03	6.61e+03	12.4	-379	 380
108.300000	2.55e+03	6.57e+03	12.4	-380	 380
108.400000	2.55e+03	6.53e+03	12.4	-380	 380
108.500000	2.55e+03	6.49e+03	12.3	-380	 381
108.600000	2.56e+03	6.46e+03	12.3	-381	 381
108.700000	2.56e+03	6.42e+03	12.3	-381	 381
108.800000	2.56e+03	6.38e+03	12.3	-381	 382
108.900000	2.56e+03	6.34e+03	12.3	-382	 382
109.000000	2.56e+03	6.3e+03	12.2	-382	 382
109.100000	2.56e+03	6.27e+03	12.2	-382	 382
109.200000	2.56e+03	6.23e+03	12.2	-383	 383
109.300000	2.56e+03	6.19e+03	12.2	-383	 383
109.400000	2.57e+03	6.15e+03	12.2	-383	 383
109.500000	2.57e+03	6.11e+03	12.1	-383	 384
109.600000	2.57e+03	6.07e+03	12.1	-384	 384
109.700000	2.57e+03	6.04e+03	12.1	-384	 384
109.800000	2.57e+03	6e+03	12.1	-384	 385
109.900000	2.57e+03	5.96e+03	  12	-385	 385
110.000000	2.57e+03	5.92e+03	  12	-385	 385
110.100000	2.57e+03	5.88e+03	  12	-385	 385
110.200000	2.57e+03	5.84e+03	  12	-386	 386
110.300000	2.58e+03	5.8e+03	  12	-386	 386
110.400000	2.58e+03	5.77e+03	11.9	-386	 386
110.500000	2.58e+03	5.73e+03	11.9	-386	 387
110.600000	2.58e+03	5.69e+03	11.9	-387	 387
110.700000	2.58e+03	5.65e+03	11.9	-387	 387
110.800000	2.58e+03	5.61e+03	11.9	-387	 388
110.900000	2.58e+03	5.57e+03	11.8	-388	 388
111.000000	2.58e+03	5.53e+03	11.8	-388	 388
111.100000	2.59e+03	5.49e+03	11.8	-388	 388
111.200000	2.59e+03	5.46e+03	11.8	-388	 389
111.300000	2.59e+03	5.42e+03	11.8	-389	 389
111.400000	2.59e+03	5.38e+03	11.7	-389	 389
111.500000	2.59e+03	5.34e+03	11.7	-389	 390
111.600000	2.59e+03	5.3e+03	11.7	-390	 390
111.700000	2.59e+03	5.26e+03	11.7	-390	 390
111.800000	2.59e+03	5.22e+03	11.6	-390	 390
111.900000	2.59e+03	5.18e+03	11.6	-390	 391
112.000000	2.6e+03	5.14e+03	11.6	-391	 391
112.100000	2.6e+03	5.11e+03	11.6	-391	 391
112.200000	2.6e+03	5.07e+03	11.6	-391	 391
112.300000	2.6e+03	5.03e+03	11.5	-392	 392
112.400000	2.6e+03	4.99e+03	11.5	-392	 392
112.500000	2.6e+03	4.95e+03	11.5	-392	 392
112.600000	2.6e+03	4.91e+03	11.5	-392	 393
112.700000	2.6e+03	4.87e+03	11.5	-393	 393
112.800000	2.61e+03	4.83e+03	11.4	-393	 393
112.900000	2.61e+03	4.79e+03	11.4	-393	 393
113.000000	2.61e+03	4.75e+03	11.4	-394	 394
113.100000	2.61e+03	4.71e+03	11.4	-394	 394
113.200000	2.61e+03	4.67e+03	11.4	-394	 394
113.300000	2.61e+03	4.63e+03	11.3	-394	 394
113.400000	2.61e+03	4.59e+03	11.3	-395	 395
113.500000	2.61e+03	4.56e+03	11.3	-395	 395
113.600000	2.61e+03	4.52e+03	11.3	-395	 395
113.700000	2.62e+03	4.48e+03	11.3	-395	 396
113.800000	2.62e+03	4.44e+03	11.2	-396	 396
113.900000	2.62e+03	4.4e+03	11.2	-396	 396
114.000000	2.62e+03	4.36e+03	11.2	-396	 396
114.100000	2.62e+03	4.32e+03	11.2	-396	 397
114.200000	2.62e+03	4.28e+03	11.2	-397	 397
114.300000	2.62e+03	4.24e+03	11.1	-397	 397
114.400000	2.62e+03	4.2e+03	11.1	-397	 397
114.500000	2.62e+03	4.16e+03	11.1	-397	 398
114.600000	2.63e+03	4.12e+03	11.1	-398	 398
114.700000	2.63e+03	4.08e+03	  11	-398	 398
114.800000	2.63e+03	4.04e+03	  11	-398	 398
114.900000	2.63e+03	4e+03	  11	-398	 399
115.000000	2.63e+03	3.96e+03	  11	-399	 399
115.100000	2.63e+03	3.92e+03	  11	-399	 399
115.200000	2.63e+03	3.88e+03	10.9	-399	 399
115.300000	2.63e+03	3.84e+03	10.9	-399	 400
115.400000	2.63e+03	3.8e+03	10.9	-400	 400
115.500000	2.64e+03	3.76e+03	10.9	-400	 400
115.600000	2.64e+03	3.72e+03	10.9	-400	 400
115.700000	2.64e+03	3.68e+03	10.8	-400	 401
115.800000	2.64e+03	3.64e+03	10.8	-401	 401
115.900000	2.64e+03	3.6e+03	10.8	-401	 401
116.000000	2.64e+03	3.56e+03	10.8	-401	 401
116.100000	2.64e+03	3.52e+03	10.8	-401	 402
116.200000	2.64e+03	3.48e+03	10.7	-402	 402
116.300000	2.64e+03	3.44e+03	10.7	-402	 402
116.400000	2.65e+03	3.4e+03	10.7	-402	 402
116.500000	2.65e+03	3.36e+03	10.7	-402	 402
116.600000	2.65e+03	3.32e+03	10.7	-403	 403
116.700000	2.65e+03	3.28e+03	10.7	-403	 403
116.800000	2.65e+03	3.24e+03	10.6	-403	 403
116.900000	2.65e+03	3.2e+03	10.6	-403	 403
117.000000	2.65e+03	3.16e+03	10.6	-404	 404
117.100000	2.65e+03	3.12e+03	10.6	-404	 404
117.200000	2.65e+03	3.08e+03	10.6	-404	 404
117.300000	2.65e+03	3.04e+03	10.5	-404	 404
117.400000	2.66e+03	3e+03	10.5	-404	 405
117.500000	2.66e+03	2.96e+03	10.5	-405	 405
117.600000	2.66e+03	2.92e+03	10.5	-405	 405
117.700000	2.66e+03	2.87e+03	10.5	-405	 405
117.800000	2.66e+03	2.83e+03	10.4	-405	 405
117.900000	2.66e+03	2.79e+03	10.4	-406	 406
118.000000	2.66e+03	2.75e+03	10.4	-406	 406
118.100000	2.66e+03	2.71e+03	10.4	-406	 406
118.200000	2.66e+03	2.67e+03	10.4	-406	 406
118.300000	2.67e+03	2.63e+03	10.3	-406	 407
118.400000	2.67e+03	2.59e+03	10.3	-407	 407
118.500000	2.67e+03	2.55e+03	10.3	-407	 407
118.600000	2.67e+03	2.51e+03	10.3	-407	 407
118.700000	2.67e+03	2.47e+03	10.3	-407	 407
118.800000	2.67e+03	2.43e+03	10.2	-408	 408
118.900000	2.67e+03	2.39e+03	10.2	-408	 408
119.000000	2.67e+03	2.35e+03	10.2	-408	 408
119.100000	2.67e+03	2.31e+03	10.2	-408	 408
119.200000	2.67e+03	2.26e+03	10.2	-408	 409
119.300000	2.68e+03	2.22e+03	10.1	-409	 409
119.400000	2.68e+03	2.18e+03	10.1	-409	 409
119.500000	2.68e+03	2.14e+03	10.1	-409	 409
119.600000	2.68e+03	2.1e+03	10.1	-409	 409
119.700000	2.68e+03	2.06e+03	10.1	-409	 410
119.800000	2.68e+03	2.02e+03	10.1	-410	 410
119.900000	2.68e+03	1.98e+03	  10	-410	 410
120.000000	2.68e+03	1.94e+03	  10	-410	 410
120.100000	2.68e+03	1.9e+03	9.99	-410	 410
120.200000	2.68e+03	1.86e+03	9.98	-411	 411
120.300000	2.69e+03	1.81e+03	9.96	-411	 411
120.400000	2.69e+03	1.77e+03	9.94	-411	 411
120.500000	2.69e+03	1.73e+03	9.92	-411	 411
120.600000	2.69e+03	1.69e+03	 9.9	-411	 411
120.700000	2.69e+03	1.65e+03	9.88	-412	 412
120.800000	2.69e+03	1.61e+03	9.86	-412	 412
120.900000	2.69e+03	1.57e+03	9.84	-412	 412
121.000000	2.69e+03	1.53e+03	9.83	-412	 412
121.100000	2.69e+03	1.48e+03	9.81	-412	 412
121.200000	2.69e+03	1.44e+03	9.79	-413	 413
121.300000	2.7e+03	1.4e+03	9.77	-413	 413
121.400000	2.7e+03	1.36e+03	9.75	-413	 413
121.500000	2.7e+03	1.32e+03	9.73	-413	 413
121.600000	2.7e+03	1.28e+03	9.71	-413	 413
121.700000	2.7e+03	1.24e+03	 9.7	-414	 414
121.800000	2.7e+03	1.2e+03	9.68	-414	 414
121.900000	2.7e+03	1.15e+03	9.66	-414	 414
122.000000	2.7e+03	1.11e+03	9.64	-414	 414
122.100000	2.7e+03	1.07e+03	9.62	-414	 414
122.200000	2.7e+03	1.03e+03	 9.6	-414	 415
122.300000	2.7e+03	 989	9.59	-415	 415
122.400000	2.71e+03	 947	9.57	-415	 415
122.500000	2.71e+03	 906	9.55	-415	 415
122.600000	2.71e+03	 864	9.53	-415	 415
122.700000	2.71e+03	 823	9.51	-415	 416
122.800000	2.71e+03	 781	9.49	-416	 416
122.900000	2.71e+03	 739	9.48	-416	 416
123.000000	2.71e+03	 698	9.46	-416	 416
123.100000	2.71e+03	 656	9.44	-416	 416
123.200000	2.71e+03	 615	9.42	-416	 416
123.300000	2.71e+03	 573	 9.4	-417	 417
123.400000	2.72e+03	 531	9.39	-417	 417
123.500000	2.72e+03	 490	9.37	-417	 417
123.600000	2.72e+03	 448	9.35	-417	 417
123.700000	2.72e+03	 406	9.33	-417	 417
123.800000	2.72e+03	 364	9.31	-417	 418
123.900000	2.72e+03	 323	 9.3	-418	 418
124.000000	2.72e+03	 281	9.28	-418	 418
124.100000	2.72e+03	 239	9.26	-418	 418
124.200000	2.72e+03	 197	9.24	-418	 418
124.300000	2.72e+03	 155	9.23	-418	 418
124.400000	2.72e+03	 114	9.21	-419	 419
124.500000	2.73e+03	71.8	9.19	-419	 419
124.600000	2.73e+03	29.9	9.17	-419	 419
124.700000	2.73e+03	 -12	9.16	-419	 419
