0.100000	5.22	99.6	52.1	 993	 994
0.200000	10.4	 199	51.9	 988	 989
0.300000	15.6	 297	51.6	 982	 984
0.400000	20.7	 395	51.4	 977	 978
0.500000	25.9	 492	51.2	 971	 973
0.600000	  31	 589	50.9	 966	 967
0.700000	36.1	 686	50.7	 961	 962
0.800000	41.1	 782	50.5	 956	 957
0.900000	46.2	 877	50.3	 951	 952
1.000000	51.2	 972	  50	 945	 947
1.100000	56.2	1.07e+03	49.8	 940	 942
1.200000	61.1	1.16e+03	49.6	 935	 937
1.300000	66.1	1.25e+03	49.4	 930	 932
1.400000	  71	1.35e+03	49.2	 925	 927
1.500000	75.9	1.44e+03	  49	 920	 922
1.600000	80.8	1.53e+03	48.8	 916	 917
1.700000	85.7	1.62e+03	48.6	 911	 912
1.800000	90.5	1.71e+03	48.4	 906	 907
1.900000	95.3	1.8e+03	48.2	 901	 903
2.000000	 100	1.89e+03	  48	 897	 898
2.100000	 105	1.98e+03	47.8	 892	 893
2.200000	 110	2.07e+03	47.6	 887	 889
2.300000	 114	2.16e+03	47.4	 883	 884
2.400000	 119	2.25e+03	47.2	 878	 879
2.500000	 124	2.33e+03	  47	 874	 875
2.600000	 129	2.42e+03	46.8	 869	 870
2.700000	 133	2.51e+03	46.6	 865	 866
2.800000	 138	2.59e+03	46.4	 860	 862
2.900000	 143	2.68e+03	46.2	 856	 857
3.000000	 147	2.77e+03	46.1	 852	 853
3.100000	 152	2.85e+03	45.9	 847	 849
3.200000	 156	2.94e+03	45.7	 843	 844
3.300000	 161	3.02e+03	45.5	 839	 840
3.400000	 165	3.1e+03	45.4	 835	 836
3.500000	 170	3.19e+03	45.2	 831	 832
3.600000	 174	3.27e+03	  45	 826	 828
3.700000	 179	3.35e+03	44.8	 822	 823
3.800000	 183	3.43e+03	44.7	 818	 819
3.900000	 188	3.52e+03	44.5	 814	 815
4.000000	 192	3.6e+03	44.3	 810	 811
4.100000	 197	3.68e+03	44.2	 806	 807
4.200000	 201	3.76e+03	  44	 802	 803
4.300000	 206	3.84e+03	43.8	 798	 799
4.400000	 210	3.92e+03	43.7	 794	 796
4.500000	 214	4e+03	43.5	 791	 792
4.600000	 219	4.08e+03	43.4	 787	 788
4.700000	 223	4.15e+03	43.2	 783	 784
4.800000	 227	4.23e+03	43.1	 779	 780
4.900000	 232	4.31e+03	42.9	 775	 777
5.000000	 236	4.39e+03	42.7	 772	 773
5.100000	 240	4.46e+03	42.6	 768	 769
5.200000	 244	4.54e+03	42.4	 764	 765
5.300000	 249	4.62e+03	42.3	 761	 762
5.400000	 253	4.69e+03	42.2	 757	 758
5.500000	 257	4.77e+03	  42	 753	 754
5.600000	 261	4.84e+03	41.9	 750	 751
5.700000	 265	4.92e+03	41.7	 746	 747
5.800000	 270	4.99e+03	41.6	 743	 744
5.900000	 274	5.07e+03	41.4	 739	 740
6.000000	 278	5.14e+03	41.3	 736	 737
6.100000	 282	5.21e+03	41.2	 732	 733
6.200000	 286	5.29e+03	  41	 729	 730
6.300000	 290	5.36e+03	40.9	 725	 727
6.400000	 294	5.43e+03	40.7	 722	 723
6.500000	 298	5.5e+03	40.6	 719	 720
6.600000	 302	5.58e+03	40.5	 715	 716
6.700000	 306	5.65e+03	40.3	 712	 713
6.800000	 310	5.72e+03	40.2	 709	 710
6.900000	 314	5.79e+03	40.1	 705	 707
7.000000	 318	5.86e+03	39.9	 702	 703
7.100000	 322	5.93e+03	39.8	 699	 700
7.200000	 326	6e+03	39.7	 696	 697
7.300000	 330	6.07e+03	39.6	 692	 694
7.400000	 334	6.14e+03	39.4	 689	 690
7.500000	 338	6.21e+03	39.3	 686	 687
7.600000	 342	6.27e+03	39.2	 683	 684
7.700000	 346	6.34e+03	39.1	 680	 681
7.800000	 350	6.41e+03	38.9	 677	 678
7.900000	 354	6.48e+03	38.8	 674	 675
8.000000	 358	6.55e+03	38.7	 671	 672
8.100000	 362	6.61e+03	38.6	 668	 669
8.200000	 366	6.68e+03	38.5	 665	 666
8.300000	 369	6.75e+03	38.3	 662	 663
8.400000	 373	6.81e+03	38.2	 659	 660
8.500000	 377	6.88e+03	38.1	 656	 657
8.600000	 381	6.94e+03	  38	 653	 654
8.700000	 385	7.01e+03	37.9	 650	 651
8.800000	 388	7.07e+03	37.8	 647	 648
8.900000	 392	7.14e+03	37.7	 644	 645
9.000000	 396	7.2e+03	37.5	 641	 642
9.100000	 400	7.27e+03	37.4	 638	 639
9.200000	 403	7.33e+03	37.3	 635	 636
9.300000	 407	7.39e+03	37.2	 633	 634
9.400000	 411	7.46e+03	37.1	 630	 631
9.500000	 415	7.52e+03	  37	 627	 628
9.600000	 418	7.58e+03	36.9	 624	 625
9.700000	 422	7.64e+03	36.8	 621	 622
9.800000	 426	7.71e+03	36.7	 619	 620
9.900000	 429	7.77e+03	36.6	 616	 617
10.000000	 433	7.83e+03	36.5	 613	 614
10.100000	 437	7.89e+03	36.4	 610	 612
10.200000	 440	7.95e+03	36.3	 608	 609
10.300000	 444	8.01e+03	36.2	 605	 606
10.400000	 447	8.07e+03	36.1	 602	 604
10.500000	 451	8.13e+03	  36	 600	 601
10.600000	 455	8.19e+03	35.9	 597	 598
10.700000	 458	8.25e+03	35.8	 595	 596
10.800000	 462	8.31e+03	35.7	 592	 593
10.900000	 465	8.37e+03	35.6	 589	 590
11.000000	 469	8.43e+03	35.5	 587	 588
11.100000	 472	8.49e+03	35.4	 584	 585
11.200000	 476	8.55e+03	35.3	 582	 583
11.300000	 480	8.6e+03	35.2	 579	 580
11.400000	 483	8.66e+03	35.1	 577	 578
11.500000	 487	8.72e+03	  35	 574	 575
11.600000	 490	8.78e+03	34.9	 572	 573
11.700000	 494	8.83e+03	34.8	 569	 570
11.800000	 497	8.89e+03	34.7	 567	 568
11.900000	 500	8.95e+03	34.6	 564	 565
12.000000	 504	9e+03	34.6	 562	 563
12.100000	 507	9.06e+03	34.5	 559	 560
12.200000	 511	9.11e+03	34.4	 557	 558
12.300000	 514	9.17e+03	34.3	 555	 556
12.400000	 518	9.23e+03	34.2	 552	 553
12.500000	 521	9.28e+03	34.1	 550	 551
12.600000	 524	9.34e+03	  34	 547	 549
12.700000	 528	9.39e+03	33.9	 545	 546
12.800000	 531	9.44e+03	33.9	 543	 544
12.900000	 535	9.5e+03	33.8	 540	 541
13.000000	 538	9.55e+03	33.7	 538	 539
13.100000	 541	9.61e+03	33.6	 536	 537
13.200000	 545	9.66e+03	33.5	 534	 535
13.300000	 548	9.71e+03	33.4	 531	 532
13.400000	 551	9.77e+03	33.4	 529	 530
13.500000	 555	9.82e+03	33.3	 527	 528
13.600000	 558	9.87e+03	33.2	 524	 526
13.700000	 561	9.92e+03	33.1	 522	 523
13.800000	 565	9.98e+03	  33	 520	 521
13.900000	 568	1e+04	  33	 518	 519
14.000000	 571	1.01e+04	32.9	 516	 517
14.100000	 575	1.01e+04	32.8	 513	 514
14.200000	 578	1.02e+04	32.7	 511	 512
14.300000	 581	1.02e+04	32.6	 509	 510
14.400000	 584	1.03e+04	32.6	 507	 508
14.500000	 588	1.03e+04	32.5	 505	 506
14.600000	 591	1.04e+04	32.4	 503	 504
14.700000	 594	1.04e+04	32.3	 500	 501
14.800000	 597	1.05e+04	32.3	 498	 499
14.900000	 601	1.05e+04	32.2	 496	 497
15.000000	 604	1.06e+04	32.1	 494	 495
15.100000	 607	1.06e+04	32.1	 492	 493
15.200000	 610	1.07e+04	  32	 490	 491
15.300000	 613	1.07e+04	31.9	 488	 489
15.400000	 617	1.08e+04	31.8	 486	 487
15.500000	 620	1.08e+04	31.8	 484	 485
15.600000	 623	1.09e+04	31.7	 482	 483
15.700000	 626	1.09e+04	31.6	 480	 481
15.800000	 629	1.1e+04	31.6	 478	 479
15.900000	 632	1.1e+04	31.5	 475	 477
16.000000	 636	1.11e+04	31.4	 473	 475
16.100000	 639	1.11e+04	31.3	 471	 472
16.200000	 642	1.12e+04	31.3	 469	 470
16.300000	 645	1.12e+04	31.2	 467	 469
16.400000	 648	1.13e+04	31.1	 465	 467
16.500000	 651	1.13e+04	31.1	 464	 465
16.600000	 654	1.13e+04	  31	 462	 463
16.700000	 657	1.14e+04	30.9	 460	 461
16.800000	 661	1.14e+04	30.9	 458	 459
16.900000	 664	1.15e+04	30.8	 456	 457
17.000000	 667	1.15e+04	30.8	 454	 455
17.100000	 670	1.16e+04	30.7	 452	 453
17.200000	 673	1.16e+04	30.6	 450	 451
17.300000	 676	1.17e+04	30.6	 448	 449
17.400000	 679	1.17e+04	30.5	 446	 447
17.500000	 682	1.18e+04	30.4	 444	 445
17.600000	 685	1.18e+04	30.4	 442	 443
17.700000	 688	1.18e+04	30.3	 440	 442
17.800000	 691	1.19e+04	30.2	 439	 440
17.900000	 694	1.19e+04	30.2	 437	 438
18.000000	 697	1.2e+04	30.1	 435	 436
18.100000	 700	1.2e+04	30.1	 433	 434
18.200000	 703	1.21e+04	  30	 431	 432
18.300000	 706	1.21e+04	29.9	 429	 430
18.400000	 709	1.21e+04	29.9	 428	 429
18.500000	 712	1.22e+04	29.8	 426	 427
18.600000	 715	1.22e+04	29.8	 424	 425
18.700000	 718	1.23e+04	29.7	 422	 423
18.800000	 721	1.23e+04	29.7	 420	 421
18.900000	 724	1.24e+04	29.6	 419	 420
19.000000	 727	1.24e+04	29.5	 417	 418
19.100000	 730	1.24e+04	29.5	 415	 416
19.200000	 733	1.25e+04	29.4	 413	 414
19.300000	 736	1.25e+04	29.4	 411	 412
19.400000	 739	1.26e+04	29.3	 410	 411
19.500000	 742	1.26e+04	29.3	 408	 409
19.600000	 745	1.26e+04	29.2	 406	 407
19.700000	 747	1.27e+04	29.2	 404	 405
19.800000	 750	1.27e+04	29.1	 403	 404
19.900000	 753	1.28e+04	  29	 401	 402
20.000000	 756	1.28e+04	  29	 399	 400
20.100000	 759	1.28e+04	28.9	 398	 399
20.200000	 762	1.29e+04	28.9	 396	 397
20.300000	 765	1.29e+04	28.8	 394	 395
20.400000	 768	1.3e+04	28.8	 392	 394
20.500000	 771	1.3e+04	28.7	 391	 392
20.600000	 773	1.3e+04	28.7	 389	 390
20.700000	 776	1.31e+04	28.6	 387	 388
20.800000	 779	1.31e+04	28.6	 386	 387
20.900000	 782	1.32e+04	28.5	 384	 385
21.000000	 785	1.32e+04	28.5	 382	 383
21.100000	 788	1.32e+04	28.4	 381	 382
21.200000	 791	1.33e+04	28.4	 379	 380
21.300000	 793	1.33e+04	28.3	 378	 379
21.400000	 796	1.34e+04	28.3	 376	 377
21.500000	 799	1.34e+04	28.2	 374	 375
21.600000	 802	1.34e+04	28.2	 373	 374
21.700000	 805	1.35e+04	28.1	 371	 372
21.800000	 808	1.35e+04	28.1	 369	 370
21.900000	 810	1.35e+04	  28	 368	 369
22.000000	 813	1.36e+04	  28	 366	 367
22.100000	 816	1.36e+04	27.9	 365	 366
22.200000	 819	1.36e+04	27.9	 363	 364
22.300000	 822	1.37e+04	27.8	 361	 362
22.400000	 824	1.37e+04	27.8	 360	 361
22.500000	 827	1.38e+04	27.8	 358	 359
22.600000	 830	1.38e+04	27.7	 357	 358
22.700000	 833	1.38e+04	27.7	 355	 356
22.800000	 835	1.39e+04	27.6	 354	 355
22.900000	 838	1.39e+04	27.6	 352	 353
23.000000	 841	1.39e+04	27.5	 350	 352
23.100000	 844	1.4e+04	27.5	 349	 350
23.200000	 846	1.4e+04	27.4	 347	 348
23.300000	 849	1.4e+04	27.4	 346	 347
23.400000	 852	1.41e+04	27.3	 344	 345
23.500000	 855	1.41e+04	27.3	 343	 344
23.600000	 857	1.41e+04	27.3	 341	 342
23.700000	 860	1.42e+04	27.2	 340	 341
23.800000	 863	1.42e+04	27.2	 338	 339
23.900000	 866	1.42e+04	27.1	 337	 338
24.000000	 868	1.43e+04	27.1	 335	 336
24.100000	 871	1.43e+04	27.1	 334	 335
24.200000	 874	1.43e+04	  27	 332	 333
24.300000	 876	1.44e+04	  27	 331	 332
24.400000	 879	1.44e+04	26.9	 329	 330
24.500000	 882	1.44e+04	26.9	 328	 329
24.600000	 884	1.45e+04	26.8	 326	 327
24.700000	 887	1.45e+04	26.8	 325	 326
24.800000	 890	1.45e+04	26.8	 323	 325
24.900000	 892	1.46e+04	26.7	 322	 323
25.000000	 895	1.46e+04	26.7	 321	 322
25.100000	 898	1.46e+04	26.6	 319	 320
25.200000	 900	1.47e+04	26.6	 318	 319
25.300000	 903	1.47e+04	26.6	 316	 317
25.400000	 906	1.47e+04	26.5	 315	 316
25.500000	 908	1.48e+04	26.5	 313	 314
25.600000	 911	1.48e+04	26.5	 312	 313
25.700000	 914	1.48e+04	26.4	 310	 312
25.800000	 916	1.49e+04	26.4	 309	 310
25.900000	 919	1.49e+04	26.3	 308	 309
26.000000	 922	1.49e+04	26.3	 306	 307
26.100000	 924	1.49e+04	26.3	 305	 306
26.200000	 927	1.5e+04	26.2	 303	 304
26.300000	 929	1.5e+04	26.2	 302	 303
26.400000	 932	1.5e+04	26.2	 301	 302
26.500000	 935	1.51e+04	26.1	 299	 300
26.600000	 937	1.51e+04	26.1	 298	 299
26.700000	 940	1.51e+04	  26	 296	 298
26.800000	 943	1.52e+04	  26	 295	 296
26.900000	 945	1.52e+04	  26	 294	 295
27.000000	 948	1.52e+04	25.9	 292	 293
27.100000	 950	1.52e+04	25.9	 291	 292
27.200000	 953	1.53e+04	25.9	 290	 291
27.300000	 955	1.53e+04	25.8	 288	 289
27.400000	 958	1.53e+04	25.8	 287	 288
27.500000	 961	1.54e+04	25.8	 285	 287
27.600000	 963	1.54e+04	25.7	 284	 285
27.700000	 966	1.54e+04	25.7	 283	 284
27.800000	 968	1.54e+04	25.7	 281	 283
27.900000	 971	1.55e+04	25.6	 280	 281
28.000000	 973	1.55e+04	25.6	 279	 280
28.100000	 976	1.55e+04	25.6	 277	 279
28.200000	 979	1.56e+04	25.5	 276	 277
28.300000	 981	1.56e+04	25.5	 275	 276
28.400000	 984	1.56e+04	25.5	 273	 275
28.500000	 986	1.56e+04	25.4	 272	 273
28.600000	 989	1.57e+04	25.4	 271	 272
28.700000	 991	1.57e+04	25.4	 269	 271
28.800000	 994	1.57e+04	25.3	 268	 269
28.900000	 996	1.57e+04	25.3	 267	 268
29.000000	 999	1.58e+04	25.3	 265	 267
29.100000	1e+03	1.58e+04	25.3	 264	 265
29.200000	1e+03	1.58e+04	25.2	 263	 264
29.300000	1.01e+03	1.59e+04	25.2	 262	 263
29.400000	1.01e+03	1.59e+04	25.2	 260	 261
29.500000	1.01e+03	1.59e+04	25.1	 259	 260
29.600000	1.01e+03	1.59e+04	25.1	 258	 259
29.700000	1.02e+03	1.6e+04	25.1	 256	 258
29.800000	1.02e+03	1.6e+04	  25	 255	 256
29.900000	1.02e+03	1.6e+04	  25	 254	 255
30.000000	1.02e+03	1.6e+04	  25	 253	 254
30.100000	1.03e+03	1.61e+04	  25	 251	 253
30.200000	1.03e+03	1.61e+04	24.9	 250	 251
30.300000	1.03e+03	1.61e+04	24.9	 249	 250
30.400000	1.03e+03	1.61e+04	24.9	 248	 249
30.500000	1.04e+03	1.62e+04	24.8	 246	 247
30.600000	1.04e+03	1.62e+04	24.8	 245	 246
30.700000	1.04e+03	1.62e+04	24.8	 244	 245
30.800000	1.04e+03	1.62e+04	24.8	 242	 244
30.900000	1.05e+03	1.63e+04	24.7	 241	 242
31.000000	1.05e+03	1.63e+04	24.7	 240	 241
31.100000	1.05e+03	1.63e+04	24.7	 239	 240
31.200000	1.05e+03	1.63e+04	24.6	 237	 239
31.300000	1.06e+03	1.63e+04	24.6	 236	 238
31.400000	1.06e+03	1.64e+04	24.6	 235	 236
31.500000	1.06e+03	1.64e+04	24.6	 234	 235
31.600000	1.06e+03	1.64e+04	24.5	 233	 234
31.700000	1.07e+03	1.64e+04	24.5	 231	 233
31.800000	1.07e+03	1.65e+04	24.5	 230	 231
31.900000	1.07e+03	1.65e+04	24.5	 229	 230
32.000000	1.07e+03	1.65e+04	24.4	 228	 229
32.100000	1.08e+03	1.65e+04	24.4	 226	 228
32.200000	1.08e+03	1.66e+04	24.4	 225	 227
32.300000	1.08e+03	1.66e+04	24.4	 224	 225
32.400000	1.08e+03	1.66e+04	24.3	 223	 224
32.500000	1.09e+03	1.66e+04	24.3	 222	 223
32.600000	1.09e+03	1.66e+04	24.3	 220	 222
32.700000	1.09e+03	1.67e+04	24.3	 219	 221
32.800000	1.09e+03	1.67e+04	24.2	 218	 219
32.900000	1.1e+03	1.67e+04	24.2	 217	 218
33.000000	1.1e+03	1.67e+04	24.2	 216	 217
33.100000	1.1e+03	1.68e+04	24.2	 214	 216
33.200000	1.1e+03	1.68e+04	24.1	 213	 215
33.300000	1.1e+03	1.68e+04	24.1	 212	 213
33.400000	1.11e+03	1.68e+04	24.1	 211	 212
33.500000	1.11e+03	1.68e+04	24.1	 210	 211
33.600000	1.11e+03	1.69e+04	  24	 208	 210
33.700000	1.11e+03	1.69e+04	  24	 207	 209
33.800000	1.12e+03	1.69e+04	  24	 206	 207
33.900000	1.12e+03	1.69e+04	  24	 205	 206
34.000000	1.12e+03	1.69e+04	23.9	 204	 205
34.100000	1.12e+03	1.7e+04	23.9	 203	 204
34.200000	1.13e+03	1.7e+04	23.9	 201	 203
34.300000	1.13e+03	1.7e+04	23.9	 200	 202
34.400000	1.13e+03	1.7e+04	23.9	 199	 201
34.500000	1.13e+03	1.7e+04	23.8	 198	 199
34.600000	1.14e+03	1.71e+04	23.8	 197	 198
34.700000	1.14e+03	1.71e+04	23.8	 196	 197
34.800000	1.14e+03	1.71e+04	23.8	 194	 196
34.900000	1.14e+03	1.71e+04	23.7	 193	 195
35.000000	1.15e+03	1.71e+04	23.7	 192	 194
35.100000	1.15e+03	1.72e+04	23.7	 191	 192
35.200000	1.15e+03	1.72e+04	23.7	 190	 191
35.300000	1.15e+03	1.72e+04	23.7	 189	 190
35.400000	1.16e+03	1.72e+04	23.6	 188	 189
35.500000	1.16e+03	1.72e+04	23.6	 186	 188
35.600000	1.16e+03	1.73e+04	23.6	 185	 187
35.700000	1.16e+03	1.73e+04	23.6	 184	 186
35.800000	1.16e+03	1.73e+04	23.6	 183	 185
35.900000	1.17e+03	1.73e+04	23.5	 182	 183
36.000000	1.17e+03	1.73e+04	23.5	 181	 182
36.100000	1.17e+03	1.73e+04	23.5	 180	 181
36.200000	1.17e+03	1.74e+04	23.5	 178	 180
36.300000	1.18e+03	1.74e+04	23.5	 177	 179
36.400000	1.18e+03	1.74e+04	23.4	 176	 178
36.500000	1.18e+03	1.74e+04	23.4	 175	 177
36.600000	1.18e+03	1.74e+04	23.4	 174	 176
36.700000	1.19e+03	1.75e+04	23.4	 173	 174
36.800000	1.19e+03	1.75e+04	23.4	 172	 173
36.900000	1.19e+03	1.75e+04	23.4	 171	 172
37.000000	1.19e+03	1.75e+04	23.3	 170	 171
37.100000	1.2e+03	1.75e+04	23.3	 168	 170
37.200000	1.2e+03	1.75e+04	23.3	 167	 169
37.300000	1.2e+03	1.76e+04	23.3	 166	 168
37.400000	1.2e+03	1.76e+04	23.3	 165	 167
37.500000	1.2e+03	1.76e+04	23.2	 164	 166
37.600000	1.21e+03	1.76e+04	23.2	 163	 165
37.700000	1.21e+03	1.76e+04	23.2	 162	 163
37.800000	1.21e+03	1.76e+04	23.2	 161	 162
37.900000	1.21e+03	1.77e+04	23.2	 160	 161
38.000000	1.22e+03	1.77e+04	23.2	 158	 160
38.100000	1.22e+03	1.77e+04	23.1	 157	 159
38.200000	1.22e+03	1.77e+04	23.1	 156	 158
38.300000	1.22e+03	1.77e+04	23.1	 155	 157
38.400000	1.23e+03	1.77e+04	23.1	 154	 156
38.500000	1.23e+03	1.77e+04	23.1	 153	 155
38.600000	1.23e+03	1.78e+04	23.1	 152	 154
38.700000	1.23e+03	1.78e+04	  23	 151	 153
38.800000	1.23e+03	1.78e+04	  23	 150	 152
38.900000	1.24e+03	1.78e+04	  23	 149	 150
39.000000	1.24e+03	1.78e+04	  23	 148	 149
39.100000	1.24e+03	1.78e+04	  23	 146	 148
39.200000	1.24e+03	1.78e+04	  23	 145	 147
39.300000	1.25e+03	1.79e+04	22.9	 144	 146
39.400000	1.25e+03	1.79e+04	22.9	 143	 145
39.500000	1.25e+03	1.79e+04	22.9	 142	 144
39.600000	1.25e+03	1.79e+04	22.9	 141	 143
39.700000	1.26e+03	1.79e+04	22.9	 140	 142
39.800000	1.26e+03	1.79e+04	22.9	 139	 141
39.900000	1.26e+03	1.79e+04	22.9	 138	 140
40.000000	1.26e+03	1.8e+04	22.8	 137	 139
40.100000	1.26e+03	1.8e+04	22.8	 136	 138
40.200000	1.27e+03	1.8e+04	22.8	 135	 137
40.300000	1.27e+03	1.8e+04	22.8	 134	 136
40.400000	1.27e+03	1.8e+04	22.8	 133	 135
40.500000	1.27e+03	1.8e+04	22.8	 132	 133
40.600000	1.28e+03	1.8e+04	22.8	 130	 132
40.700000	1.28e+03	1.81e+04	22.7	 129	 131
40.800000	1.28e+03	1.81e+04	22.7	 128	 130
40.900000	1.28e+03	1.81e+04	22.7	 127	 129
41.000000	1.28e+03	1.81e+04	22.7	 126	 128
41.100000	1.29e+03	1.81e+04	22.7	 125	 127
41.200000	1.29e+03	1.81e+04	22.7	 124	 126
41.300000	1.29e+03	1.81e+04	22.7	 123	 125
41.400000	1.29e+03	1.81e+04	22.6	 122	 124
41.500000	1.3e+03	1.82e+04	22.6	 121	 123
41.600000	1.3e+03	1.82e+04	22.6	 120	 122
41.700000	1.3e+03	1.82e+04	22.6	 119	 121
41.800000	1.3e+03	1.82e+04	22.6	 118	 120
41.900000	1.31e+03	1.82e+04	22.6	 117	 119
42.000000	1.31e+03	1.82e+04	22.6	 116	 118
42.100000	1.31e+03	1.82e+04	22.6	 115	 117
42.200000	1.31e+03	1.82e+04	22.5	 114	 116
42.300000	1.31e+03	1.82e+04	22.5	 113	 115
42.400000	1.32e+03	1.83e+04	22.5	 112	 114
42.500000	1.32e+03	1.83e+04	22.5	 111	 113
42.600000	1.32e+03	1.83e+04	22.5	 110	 112
42.700000	1.32e+03	1.83e+04	22.5	 108	 111
42.800000	1.33e+03	1.83e+04	22.5	 107	 110
42.900000	1.33e+03	1.83e+04	22.5	 106	 109
43.000000	1.33e+03	1.83e+04	22.5	 105	 108
43.100000	1.33e+03	1.83e+04	22.4	 104	 107
43.200000	1.33e+03	1.83e+04	22.4	 103	 106
43.300000	1.34e+03	1.84e+04	22.4	 102	 105
43.400000	1.34e+03	1.84e+04	22.4	 101	 104
43.500000	1.34e+03	1.84e+04	22.4	 100	 103
43.600000	1.34e+03	1.84e+04	22.4	99.2	 102
43.700000	1.35e+03	1.84e+04	22.4	98.2	 101
43.800000	1.35e+03	1.84e+04	22.4	97.1	99.7
43.900000	1.35e+03	1.84e+04	22.4	96.1	98.7
44.000000	1.35e+03	1.84e+04	22.3	95.1	97.7
44.100000	1.35e+03	1.84e+04	22.3	94.1	96.7
44.200000	1.36e+03	1.84e+04	22.3	93.1	95.7
44.300000	1.36e+03	1.85e+04	22.3	  92	94.7
44.400000	1.36e+03	1.85e+04	22.3	  91	93.7
44.500000	1.36e+03	1.85e+04	22.3	  90	92.7
44.600000	1.37e+03	1.85e+04	22.3	  89	91.7
44.700000	1.37e+03	1.85e+04	22.3	  88	90.7
44.800000	1.37e+03	1.85e+04	22.3	86.9	89.8
44.900000	1.37e+03	1.85e+04	22.3	85.9	88.8
45.000000	1.37e+03	1.85e+04	22.3	84.9	87.8
45.100000	1.38e+03	1.85e+04	22.2	83.9	86.8
45.200000	1.38e+03	1.85e+04	22.2	82.9	85.8
45.300000	1.38e+03	1.85e+04	22.2	81.9	84.8
45.400000	1.38e+03	1.85e+04	22.2	80.9	83.9
45.500000	1.39e+03	1.86e+04	22.2	79.9	82.9
45.600000	1.39e+03	1.86e+04	22.2	78.8	81.9
45.700000	1.39e+03	1.86e+04	22.2	77.8	80.9
45.800000	1.39e+03	1.86e+04	22.2	76.8	  80
45.900000	1.39e+03	1.86e+04	22.2	75.8	  79
46.000000	1.4e+03	1.86e+04	22.2	74.8	  78
46.100000	1.4e+03	1.86e+04	22.2	73.8	77.1
46.200000	1.4e+03	1.86e+04	22.2	72.8	76.1
46.300000	1.4e+03	1.86e+04	22.1	71.8	75.1
46.400000	1.41e+03	1.86e+04	22.1	70.8	74.2
46.500000	1.41e+03	1.86e+04	22.1	69.8	73.2
46.600000	1.41e+03	1.86e+04	22.1	68.8	72.3
46.700000	1.41e+03	1.86e+04	22.1	67.8	71.3
46.800000	1.41e+03	1.87e+04	22.1	66.8	70.3
46.900000	1.42e+03	1.87e+04	22.1	65.8	69.4
47.000000	1.42e+03	1.87e+04	22.1	64.8	68.4
47.100000	1.42e+03	1.87e+04	22.1	63.8	67.5
47.200000	1.42e+03	1.87e+04	22.1	62.8	66.5
47.300000	1.43e+03	1.87e+04	22.1	61.8	65.6
47.400000	1.43e+03	1.87e+04	22.1	60.8	64.7
47.500000	1.43e+03	1.87e+04	22.1	59.8	63.7
47.600000	1.43e+03	1.87e+04	22.1	58.8	62.8
47.700000	1.43e+03	1.87e+04	  22	57.8	61.8
47.800000	1.44e+03	1.87e+04	  22	56.8	60.9
47.900000	1.44e+03	1.87e+04	  22	55.8	  60
48.000000	1.44e+03	1.87e+04	  22	54.8	59.1
48.100000	1.44e+03	1.87e+04	  22	53.8	58.1
48.200000	1.45e+03	1.87e+04	  22	52.8	57.2
48.300000	1.45e+03	1.87e+04	  22	51.8	56.3
48.400000	1.45e+03	1.87e+04	  22	50.8	55.4
48.500000	1.45e+03	1.88e+04	  22	49.8	54.5
48.600000	1.45e+03	1.88e+04	  22	48.8	53.6
48.700000	1.46e+03	1.88e+04	  22	47.8	52.7
48.800000	1.46e+03	1.88e+04	  22	46.9	51.8
48.900000	1.46e+03	1.88e+04	  22	45.9	50.9
49.000000	1.46e+03	1.88e+04	  22	44.9	  50
49.100000	1.47e+03	1.88e+04	  22	43.9	49.1
49.200000	1.47e+03	1.88e+04	  22	42.9	48.2
49.300000	1.47e+03	1.88e+04	  22	41.9	47.3
49.400000	1.47e+03	1.88e+04	  22	40.9	46.4
49.500000	1.47e+03	1.88e+04	21.9	39.9	45.6
49.600000	1.48e+03	1.88e+04	21.9	38.9	44.7
49.700000	1.48e+03	1.88e+04	21.9	  38	43.8
49.800000	1.48e+03	1.88e+04	21.9	  37	  43
49.900000	1.48e+03	1.88e+04	21.9	  36	42.1
50.000000	1.48e+03	1.88e+04	21.9	  35	41.3
50.100000	1.49e+03	1.88e+04	21.9	  34	40.5
50.200000	1.49e+03	1.88e+04	21.9	  33	39.6
50.300000	1.49e+03	1.88e+04	21.9	  32	38.8
50.400000	1.49e+03	1.88e+04	21.9	  31	  38
50.500000	1.5e+03	1.88e+04	21.9	30.1	37.2
50.600000	1.5e+03	1.88e+04	21.9	29.1	36.4
50.700000	1.5e+03	1.88e+04	21.9	28.1	35.6
50.800000	1.5e+03	1.88e+04	21.9	27.1	34.8
50.900000	1.5e+03	1.88e+04	21.9	26.1	34.1
51.000000	1.51e+03	1.88e+04	21.9	25.1	33.3
51.100000	1.51e+03	1.88e+04	21.9	24.2	32.6
51.200000	1.51e+03	1.88e+04	21.9	23.2	31.9
51.300000	1.51e+03	1.89e+04	21.9	22.2	31.2
51.400000	1.52e+03	1.89e+04	21.9	21.2	30.5
51.500000	1.52e+03	1.89e+04	21.9	20.2	29.8
51.600000	1.52e+03	1.89e+04	21.9	19.2	29.1
51.700000	1.52e+03	1.89e+04	21.9	18.3	28.5
51.800000	1.52e+03	1.89e+04	21.9	17.3	27.9
51.900000	1.53e+03	1.89e+04	21.9	16.3	27.3
52.000000	1.53e+03	1.89e+04	21.9	15.3	26.7
52.100000	1.53e+03	1.89e+04	21.9	14.3	26.1
52.200000	1.53e+03	1.89e+04	21.9	13.3	25.6
52.300000	1.54e+03	1.89e+04	21.8	12.4	25.1
52.400000	1.54e+03	1.89e+04	21.8	11.4	24.6
52.500000	1.54e+03	1.89e+04	21.8	10.4	24.2
52.600000	1.54e+03	1.89e+04	21.8	9.42	23.8
52.700000	1.54e+03	1.89e+04	21.8	8.44	23.4
52.800000	1.55e+03	1.89e+04	21.8	7.46	23.1
52.900000	1.55e+03	1.89e+04	21.8	6.48	22.8
53.000000	1.55e+03	1.89e+04	21.8	 5.5	22.5
53.100000	1.55e+03	1.89e+04	21.8	4.52	22.3
53.200000	1.55e+03	1.89e+04	21.8	3.54	22.1
53.300000	1.56e+03	1.89e+04	21.8	2.56	  22
53.400000	1.56e+03	1.89e+04	21.8	1.58	21.9
53.500000	1.56e+03	1.89e+04	21.8	0.597	21.8
53.600000	1.56e+03	1.89e+04	21.8	-0.383	21.8
53.700000	1.57e+03	1.89e+04	21.8	-1.36	21.9
53.800000	1.57e+03	1.89e+04	21.8	-2.34	21.9
53.900000	1.57e+03	1.89e+04	21.8	-3.32	22.1
54.000000	1.57e+03	1.89e+04	21.8	-4.3	22.2
54.100000	1.57e+03	1.89e+04	21.8	-5.28	22.4
54.200000	1.58e+03	1.89e+04	21.8	-6.26	22.7
54.300000	1.58e+03	1.89e+04	21.8	-7.24	  23
54.400000	1.58e+03	1.89e+04	21.8	-8.22	23.3
54.500000	1.58e+03	1.89e+04	21.8	-9.2	23.7
54.600000	1.59e+03	1.89e+04	21.8	-10.2	24.1
54.700000	1.59e+03	1.89e+04	21.8	-11.2	24.5
54.800000	1.59e+03	1.89e+04	21.8	-12.1	24.9
54.900000	1.59e+03	1.89e+04	21.8	-13.1	25.4
55.000000	1.59e+03	1.89e+04	21.8	-14.1	25.9
55.100000	1.6e+03	1.89e+04	21.8	-15.1	26.5
55.200000	1.6e+03	1.89e+04	21.8	 -16	27.1
55.300000	1.6e+03	1.89e+04	21.8	 -17	27.6
55.400000	1.6e+03	1.89e+04	21.8	 -18	28.3
55.500000	1.61e+03	1.89e+04	21.8	 -19	28.9
55.600000	1.61e+03	1.89e+04	21.8	 -20	29.5
55.700000	1.61e+03	1.89e+04	21.8	-20.9	30.2
55.800000	1.61e+03	1.89e+04	21.8	-21.9	30.9
55.900000	1.61e+03	1.88e+04	21.8	-22.9	31.6
56.000000	1.62e+03	1.88e+04	21.8	-23.9	32.3
56.100000	1.62e+03	1.88e+04	21.8	-24.8	  33
56.200000	1.62e+03	1.88e+04	21.8	-25.8	33.8
56.300000	1.62e+03	1.88e+04	21.7	-26.8	34.5
56.400000	1.62e+03	1.88e+04	21.7	-27.8	35.3
56.500000	1.63e+03	1.88e+04	21.7	-28.7	  36
56.600000	1.63e+03	1.88e+04	21.7	-29.7	36.8
56.700000	1.63e+03	1.88e+04	21.7	-30.7	37.6
56.800000	1.63e+03	1.88e+04	21.7	-31.7	38.4
56.900000	1.64e+03	1.88e+04	21.7	-32.6	39.2
57.000000	1.64e+03	1.88e+04	21.7	-33.6	  40
57.100000	1.64e+03	1.88e+04	21.7	-34.6	40.8
57.200000	1.64e+03	1.88e+04	21.7	-35.6	41.7
57.300000	1.64e+03	1.88e+04	21.7	-36.5	42.5
57.400000	1.65e+03	1.88e+04	21.7	-37.5	43.3
57.500000	1.65e+03	1.88e+04	21.7	-38.5	44.2
57.600000	1.65e+03	1.88e+04	21.7	-39.5	  45
57.700000	1.65e+03	1.88e+04	21.7	-40.4	45.9
57.800000	1.65e+03	1.88e+04	21.7	-41.4	46.7
57.900000	1.66e+03	1.88e+04	21.7	-42.4	47.6
58.000000	1.66e+03	1.88e+04	21.7	-43.3	48.5
58.100000	1.66e+03	1.88e+04	21.7	-44.3	49.3
58.200000	1.66e+03	1.88e+04	21.7	-45.3	50.2
58.300000	1.67e+03	1.88e+04	21.7	-46.2	51.1
58.400000	1.67e+03	1.88e+04	21.7	-47.2	51.9
58.500000	1.67e+03	1.88e+04	21.7	-48.2	52.8
58.600000	1.67e+03	1.88e+04	21.6	-49.2	53.7
58.700000	1.67e+03	1.87e+04	21.6	-50.1	54.6
58.800000	1.68e+03	1.87e+04	21.6	-51.1	55.5
58.900000	1.68e+03	1.87e+04	21.6	-52.1	56.4
59.000000	1.68e+03	1.87e+04	21.6	 -53	57.3
59.100000	1.68e+03	1.87e+04	21.6	 -54	58.2
59.200000	1.69e+03	1.87e+04	21.6	 -55	59.1
59.300000	1.69e+03	1.87e+04	21.6	-55.9	59.9
59.400000	1.69e+03	1.87e+04	21.6	-56.9	60.8
59.500000	1.69e+03	1.87e+04	21.6	-57.8	61.7
59.600000	1.69e+03	1.87e+04	21.6	-58.8	62.6
59.700000	1.7e+03	1.87e+04	21.6	-59.8	63.6
59.800000	1.7e+03	1.87e+04	21.6	-60.7	64.5
59.900000	1.7e+03	1.87e+04	21.6	-61.7	65.4
60.000000	1.7e+03	1.87e+04	21.6	-62.7	66.3
60.100000	1.7e+03	1.87e+04	21.6	-63.6	67.2
60.200000	1.71e+03	1.87e+04	21.6	-64.6	68.1
60.300000	1.71e+03	1.87e+04	21.5	-65.5	  69
60.400000	1.71e+03	1.86e+04	21.5	-66.5	69.9
60.500000	1.71e+03	1.86e+04	21.5	-67.5	70.8
60.600000	1.72e+03	1.86e+04	21.5	-68.4	71.7
60.700000	1.72e+03	1.86e+04	21.5	-69.4	72.6
60.800000	1.72e+03	1.86e+04	21.5	-70.3	73.5
60.900000	1.72e+03	1.86e+04	21.5	-71.3	74.5
61.000000	1.72e+03	1.86e+04	21.5	-72.2	75.4
61.100000	1.73e+03	1.86e+04	21.5	-73.2	76.3
61.200000	1.73e+03	1.86e+04	21.5	-74.1	77.2
61.300000	1.73e+03	1.86e+04	21.5	-75.1	78.1
61.400000	1.73e+03	1.86e+04	21.5	-76.1	  79
61.500000	1.73e+03	1.86e+04	21.5	 -77	79.9
61.600000	1.74e+03	1.86e+04	21.4	 -78	80.9
61.700000	1.74e+03	1.86e+04	21.4	-78.9	81.8
61.800000	1.74e+03	1.85e+04	21.4	-79.9	82.7
61.900000	1.74e+03	1.85e+04	21.4	-80.8	83.6
62.000000	1.75e+03	1.85e+04	21.4	-81.8	84.5
62.100000	1.75e+03	1.85e+04	21.4	-82.7	85.4
62.200000	1.75e+03	1.85e+04	21.4	-83.7	86.3
62.300000	1.75e+03	1.85e+04	21.4	-84.6	87.3
62.400000	1.75e+03	1.85e+04	21.4	-85.5	88.2
62.500000	1.76e+03	1.85e+04	21.4	-86.5	89.1
62.600000	1.76e+03	1.85e+04	21.4	-87.4	  90
62.700000	1.76e+03	1.85e+04	21.4	-88.4	90.9
62.800000	1.76e+03	1.85e+04	21.3	-89.3	91.8
62.900000	1.76e+03	1.85e+04	21.3	-90.3	92.7
63.000000	1.77e+03	1.84e+04	21.3	-91.2	93.7
63.100000	1.77e+03	1.84e+04	21.3	-92.1	94.6
63.200000	1.77e+03	1.84e+04	21.3	-93.1	95.5
63.300000	1.77e+03	1.84e+04	21.3	 -94	96.4
63.400000	1.78e+03	1.84e+04	21.3	 -95	97.3
63.500000	1.78e+03	1.84e+04	21.3	-95.9	98.2
63.600000	1.78e+03	1.84e+04	21.3	-96.8	99.1
63.700000	1.78e+03	1.84e+04	21.3	-97.8	 100
63.800000	1.78e+03	1.84e+04	21.3	-98.7	 101
63.900000	1.79e+03	1.84e+04	21.2	-99.6	 102
64.000000	1.79e+03	1.83e+04	21.2	-101	 103
64.100000	1.79e+03	1.83e+04	21.2	-102	 104
64.200000	1.79e+03	1.83e+04	21.2	-102	 105
64.300000	1.79e+03	1.83e+04	21.2	-103	 106
64.400000	1.8e+03	1.83e+04	21.2	-104	 106
64.500000	1.8e+03	1.83e+04	21.2	-105	 107
64.600000	1.8e+03	1.83e+04	21.2	-106	 108
64.700000	1.8e+03	1.83e+04	21.2	-107	 109
64.800000	1.81e+03	1.83e+04	21.2	-108	 110
64.900000	1.81e+03	1.83e+04	21.1	-109	 111
65.000000	1.81e+03	1.82e+04	21.1	-110	 112
65.100000	1.81e+03	1.82e+04	21.1	-111	 113
65.200000	1.81e+03	1.82e+04	21.1	-112	 114
65.300000	1.82e+03	1.82e+04	21.1	-113	 115
65.400000	1.82e+03	1.82e+04	21.1	-114	 115
65.500000	1.82e+03	1.82e+04	21.1	-114	 116
65.600000	1.82e+03	1.82e+04	21.1	-115	 117
65.700000	1.82e+03	1.82e+04	21.1	-116	 118
65.800000	1.83e+03	1.82e+04	  21	-117	 119
65.900000	1.83e+03	1.81e+04	  21	-118	 120
66.000000	1.83e+03	1.81e+04	  21	-119	 121
66.100000	1.83e+03	1.81e+04	  21	-120	 122
66.200000	1.83e+03	1.81e+04	  21	-121	 123
66.300000	1.84e+03	1.81e+04	  21	-122	 124
66.400000	1.84e+03	1.81e+04	  21	-123	 124
66.500000	1.84e+03	1.81e+04	  21	-124	 125
66.600000	1.84e+03	1.81e+04	20.9	-125	 126
66.700000	1.85e+03	1.8e+04	20.9	-125	 127
66.800000	1.85e+03	1.8e+04	20.9	-126	 128
66.900000	1.85e+03	1.8e+04	20.9	-127	 129
67.000000	1.85e+03	1.8e+04	20.9	-128	 130
67.100000	1.85e+03	1.8e+04	20.9	-129	 131
67.200000	1.86e+03	1.8e+04	20.9	-130	 132
67.300000	1.86e+03	1.8e+04	20.9	-131	 132
67.400000	1.86e+03	1.8e+04	20.8	-132	 133
67.500000	1.86e+03	1.79e+04	20.8	-133	 134
67.600000	1.86e+03	1.79e+04	20.8	-134	 135
67.700000	1.87e+03	1.79e+04	20.8	-134	 136
67.800000	1.87e+03	1.79e+04	20.8	-135	 137
67.900000	1.87e+03	1.79e+04	20.8	-136	 138
68.000000	1.87e+03	1.79e+04	20.8	-137	 139
68.100000	1.87e+03	1.79e+04	20.8	-138	 140
68.200000	1.88e+03	1.78e+04	20.7	-139	 140
68.300000	1.88e+03	1.78e+04	20.7	-140	 141
68.400000	1.88e+03	1.78e+04	20.7	-141	 142
68.500000	1.88e+03	1.78e+04	20.7	-142	 143
68.600000	1.88e+03	1.78e+04	20.7	-142	 144
68.700000	1.89e+03	1.78e+04	20.7	-143	 145
68.800000	1.89e+03	1.78e+04	20.7	-144	 146
68.900000	1.89e+03	1.77e+04	20.6	-145	 147
69.000000	1.89e+03	1.77e+04	20.6	-146	 147
69.100000	1.9e+03	1.77e+04	20.6	-147	 148
69.200000	1.9e+03	1.77e+04	20.6	-148	 149
69.300000	1.9e+03	1.77e+04	20.6	-149	 150
69.400000	1.9e+03	1.77e+04	20.6	-149	 151
69.500000	1.9e+03	1.77e+04	20.6	-150	 152
69.600000	1.91e+03	1.76e+04	20.6	-151	 153
69.700000	1.91e+03	1.76e+04	20.5	-152	 153
69.800000	1.91e+03	1.76e+04	20.5	-153	 154
69.900000	1.91e+03	1.76e+04	20.5	-154	 155
70.000000	1.91e+03	1.76e+04	20.5	-155	 156
70.100000	1.92e+03	1.76e+04	20.5	-156	 157
70.200000	1.92e+03	1.75e+04	20.5	-156	 158
70.300000	1.92e+03	1.75e+04	20.4	-157	 159
70.400000	1.92e+03	1.75e+04	20.4	-158	 160
70.500000	1.92e+03	1.75e+04	20.4	-159	 160
70.600000	1.93e+03	1.75e+04	20.4	-160	 161
70.700000	1.93e+03	1.75e+04	20.4	-161	 162
70.800000	1.93e+03	1.75e+04	20.4	-162	 163
70.900000	1.93e+03	1.74e+04	20.4	-162	 164
71.000000	1.93e+03	1.74e+04	20.3	-163	 165
71.100000	1.94e+03	1.74e+04	20.3	-164	 165
71.200000	1.94e+03	1.74e+04	20.3	-165	 166
71.300000	1.94e+03	1.74e+04	20.3	-166	 167
71.400000	1.94e+03	1.74e+04	20.3	-167	 168
71.500000	1.94e+03	1.73e+04	20.3	-168	 169
71.600000	1.95e+03	1.73e+04	20.2	-168	 170
71.700000	1.95e+03	1.73e+04	20.2	-169	 171
71.800000	1.95e+03	1.73e+04	20.2	-170	 171
71.900000	1.95e+03	1.73e+04	20.2	-171	 172
72.000000	1.95e+03	1.73e+04	20.2	-172	 173
72.100000	1.96e+03	1.72e+04	20.2	-173	 174
72.200000	1.96e+03	1.72e+04	20.2	-174	 175
72.300000	1.96e+03	1.72e+04	20.1	-174	 176
72.400000	1.96e+03	1.72e+04	20.1	-175	 176
72.500000	1.96e+03	1.72e+04	20.1	-176	 177
72.600000	1.97e+03	1.71e+04	20.1	-177	 178
72.700000	1.97e+03	1.71e+04	20.1	-178	 179
72.800000	1.97e+03	1.71e+04	20.1	-179	 180
72.900000	1.97e+03	1.71e+04	  20	-179	 181
73.000000	1.97e+03	1.71e+04	  20	-180	 181
73.100000	1.98e+03	1.71e+04	  20	-181	 182
73.200000	1.98e+03	1.7e+04	  20	-182	 183
73.300000	1.98e+03	1.7e+04	  20	-183	 184
73.400000	1.98e+03	1.7e+04	  20	-184	 185
73.500000	1.98e+03	1.7e+04	19.9	-184	 185
73.600000	1.99e+03	1.7e+04	19.9	-185	 186
73.700000	1.99e+03	1.69e+04	19.9	-186	 187
73.800000	1.99e+03	1.69e+04	19.9	-187	 188
73.900000	1.99e+03	1.69e+04	19.9	-188	 189
74.000000	1.99e+03	1.69e+04	19.9	-188	 189
74.100000	2e+03	1.69e+04	19.8	-189	 190
74.200000	2e+03	1.69e+04	19.8	-190	 191
74.300000	2e+03	1.68e+04	19.8	-191	 192
74.400000	2e+03	1.68e+04	19.8	-192	 193
74.500000	2e+03	1.68e+04	19.8	-193	 194
74.600000	2.01e+03	1.68e+04	19.7	-193	 194
74.700000	2.01e+03	1.68e+04	19.7	-194	 195
74.800000	2.01e+03	1.67e+04	19.7	-195	 196
74.900000	2.01e+03	1.67e+04	19.7	-196	 197
75.000000	2.01e+03	1.67e+04	19.7	-197	 198
75.100000	2.02e+03	1.67e+04	19.7	-197	 198
75.200000	2.02e+03	1.67e+04	19.6	-198	 199
75.300000	2.02e+03	1.66e+04	19.6	-199	 200
75.400000	2.02e+03	1.66e+04	19.6	-200	 201
75.500000	2.02e+03	1.66e+04	19.6	-201	 201
75.600000	2.03e+03	1.66e+04	19.6	-201	 202
75.700000	2.03e+03	1.66e+04	19.6	-202	 203
75.800000	2.03e+03	1.65e+04	19.5	-203	 204
75.900000	2.03e+03	1.65e+04	19.5	-204	 205
76.000000	2.03e+03	1.65e+04	19.5	-204	 205
76.100000	2.04e+03	1.65e+04	19.5	-205	 206
76.200000	2.04e+03	1.65e+04	19.5	-206	 207
76.300000	2.04e+03	1.64e+04	19.4	-207	 208
76.400000	2.04e+03	1.64e+04	19.4	-208	 209
76.500000	2.04e+03	1.64e+04	19.4	-208	 209
76.600000	2.05e+03	1.64e+04	19.4	-209	 210
76.700000	2.05e+03	1.64e+04	19.4	-210	 211
76.800000	2.05e+03	1.63e+04	19.3	-211	 212
76.900000	2.05e+03	1.63e+04	19.3	-212	 212
77.000000	2.05e+03	1.63e+04	19.3	-212	 213
77.100000	2.05e+03	1.63e+04	19.3	-213	 214
77.200000	2.06e+03	1.62e+04	19.3	-214	 215
77.300000	2.06e+03	1.62e+04	19.3	-215	 215
77.400000	2.06e+03	1.62e+04	19.2	-215	 216
77.500000	2.06e+03	1.62e+04	19.2	-216	 217
77.600000	2.06e+03	1.62e+04	19.2	-217	 218
77.700000	2.07e+03	1.61e+04	19.2	-218	 218
77.800000	2.07e+03	1.61e+04	19.2	-218	 219
77.900000	2.07e+03	1.61e+04	19.1	-219	 220
78.000000	2.07e+03	1.61e+04	19.1	-220	 221
78.100000	2.07e+03	1.61e+04	19.1	-221	 222
78.200000	2.08e+03	1.6e+04	19.1	-221	 222
78.300000	2.08e+03	1.6e+04	19.1	-222	 223
78.400000	2.08e+03	1.6e+04	  19	-223	 224
78.500000	2.08e+03	1.6e+04	  19	-224	 225
78.600000	2.08e+03	1.59e+04	  19	-224	 225
78.700000	2.09e+03	1.59e+04	  19	-225	 226
78.800000	2.09e+03	1.59e+04	  19	-226	 227
78.900000	2.09e+03	1.59e+04	18.9	-227	 227
79.000000	2.09e+03	1.59e+04	18.9	-227	 228
79.100000	2.09e+03	1.58e+04	18.9	-228	 229
79.200000	2.1e+03	1.58e+04	18.9	-229	 230
79.300000	2.1e+03	1.58e+04	18.9	-230	 230
79.400000	2.1e+03	1.58e+04	18.8	-230	 231
79.500000	2.1e+03	1.57e+04	18.8	-231	 232
79.600000	2.1e+03	1.57e+04	18.8	-232	 233
79.700000	2.1e+03	1.57e+04	18.8	-233	 233
79.800000	2.11e+03	1.57e+04	18.8	-233	 234
79.900000	2.11e+03	1.56e+04	18.7	-234	 235
80.000000	2.11e+03	1.56e+04	18.7	-235	 236
80.100000	2.11e+03	1.56e+04	18.7	-235	 236
80.200000	2.11e+03	1.56e+04	18.7	-236	 237
80.300000	2.12e+03	1.55e+04	18.7	-237	 238
80.400000	2.12e+03	1.55e+04	18.6	-238	 238
80.500000	2.12e+03	1.55e+04	18.6	-238	 239
80.600000	2.12e+03	1.55e+04	18.6	-239	 240
80.700000	2.12e+03	1.55e+04	18.6	-240	 241
80.800000	2.13e+03	1.54e+04	18.6	-241	 241
80.900000	2.13e+03	1.54e+04	18.5	-241	 242
81.000000	2.13e+03	1.54e+04	18.5	-242	 243
81.100000	2.13e+03	1.54e+04	18.5	-243	 243
81.200000	2.13e+03	1.53e+04	18.5	-243	 244
81.300000	2.13e+03	1.53e+04	18.5	-244	 245
81.400000	2.14e+03	1.53e+04	18.4	-245	 245
81.500000	2.14e+03	1.53e+04	18.4	-245	 246
81.600000	2.14e+03	1.52e+04	18.4	-246	 247
81.700000	2.14e+03	1.52e+04	18.4	-247	 248
81.800000	2.14e+03	1.52e+04	18.4	-248	 248
81.900000	2.15e+03	1.52e+04	18.3	-248	 249
82.000000	2.15e+03	1.51e+04	18.3	-249	 250
82.100000	2.15e+03	1.51e+04	18.3	-250	 250
82.200000	2.15e+03	1.51e+04	18.3	-250	 251
82.300000	2.15e+03	1.51e+04	18.2	-251	 252
82.400000	2.15e+03	1.5e+04	18.2	-252	 252
82.500000	2.16e+03	1.5e+04	18.2	-252	 253
82.600000	2.16e+03	1.5e+04	18.2	-253	 254
82.700000	2.16e+03	1.5e+04	18.2	-254	 254
82.800000	2.16e+03	1.49e+04	18.1	-254	 255
82.900000	2.16e+03	1.49e+04	18.1	-255	 256
83.000000	2.17e+03	1.49e+04	18.1	-256	 256
83.100000	2.17e+03	1.49e+04	18.1	-257	 257
83.200000	2.17e+03	1.48e+04	18.1	-257	 258
83.300000	2.17e+03	1.48e+04	  18	-258	 258
83.400000	2.17e+03	1.48e+04	  18	-259	 259
83.500000	2.17e+03	1.48e+04	  18	-259	 260
83.600000	2.18e+03	1.47e+04	  18	-260	 260
83.700000	2.18e+03	1.47e+04	  18	-261	 261
83.800000	2.18e+03	1.47e+04	17.9	-261	 262
83.900000	2.18e+03	1.47e+04	17.9	-262	 262
84.000000	2.18e+03	1.46e+04	17.9	-263	 263
84.100000	2.19e+03	1.46e+04	17.9	-263	 264
84.200000	2.19e+03	1.46e+04	17.8	-264	 264
84.300000	2.19e+03	1.45e+04	17.8	-265	 265
84.400000	2.19e+03	1.45e+04	17.8	-265	 266
84.500000	2.19e+03	1.45e+04	17.8	-266	 266
84.600000	2.19e+03	1.45e+04	17.8	-266	 267
84.700000	2.2e+03	1.44e+04	17.7	-267	 268
84.800000	2.2e+03	1.44e+04	17.7	-268	 268
84.900000	2.2e+03	1.44e+04	17.7	-268	 269
85.000000	2.2e+03	1.44e+04	17.7	-269	 270
85.100000	2.2e+03	1.43e+04	17.6	-270	 270
85.200000	2.2e+03	1.43e+04	17.6	-270	 271
85.300000	2.21e+03	1.43e+04	17.6	-271	 272
85.400000	2.21e+03	1.43e+04	17.6	-272	 272
85.500000	2.21e+03	1.42e+04	17.6	-272	 273
85.600000	2.21e+03	1.42e+04	17.5	-273	 274
85.700000	2.21e+03	1.42e+04	17.5	-274	 274
85.800000	2.22e+03	1.41e+04	17.5	-274	 275
85.900000	2.22e+03	1.41e+04	17.5	-275	 275
86.000000	2.22e+03	1.41e+04	17.4	-275	 276
86.100000	2.22e+03	1.41e+04	17.4	-276	 277
86.200000	2.22e+03	1.4e+04	17.4	-277	 277
86.300000	2.22e+03	1.4e+04	17.4	-277	 278
86.400000	2.23e+03	1.4e+04	17.4	-278	 279
86.500000	2.23e+03	1.39e+04	17.3	-279	 279
86.600000	2.23e+03	1.39e+04	17.3	-279	 280
86.700000	2.23e+03	1.39e+04	17.3	-280	 280
86.800000	2.23e+03	1.39e+04	17.3	-280	 281
86.900000	2.23e+03	1.38e+04	17.2	-281	 282
87.000000	2.24e+03	1.38e+04	17.2	-282	 282
87.100000	2.24e+03	1.38e+04	17.2	-282	 283
87.200000	2.24e+03	1.38e+04	17.2	-283	 283
87.300000	2.24e+03	1.37e+04	17.2	-284	 284
87.400000	2.24e+03	1.37e+04	17.1	-284	 285
87.500000	2.24e+03	1.37e+04	17.1	-285	 285
87.600000	2.25e+03	1.36e+04	17.1	-285	 286
87.700000	2.25e+03	1.36e+04	17.1	-286	 286
87.800000	2.25e+03	1.36e+04	  17	-287	 287
87.900000	2.25e+03	1.36e+04	  17	-287	 288
88.000000	2.25e+03	1.35e+04	  17	-288	 288
88.100000	2.25e+03	1.35e+04	  17	-288	 289
88.200000	2.26e+03	1.35e+04	  17	-289	 289
88.300000	2.26e+03	1.34e+04	16.9	-290	 290
88.400000	2.26e+03	1.34e+04	16.9	-290	 291
88.500000	2.26e+03	1.34e+04	16.9	-291	 291
88.600000	2.26e+03	1.33e+04	16.9	-291	 292
88.700000	2.26e+03	1.33e+04	16.8	-292	 292
88.800000	2.27e+03	1.33e+04	16.8	-293	 293
88.900000	2.27e+03	1.33e+04	16.8	-293	 294
89.000000	2.27e+03	1.32e+04	16.8	-294	 294
89.100000	2.27e+03	1.32e+04	16.8	-294	 295
89.200000	2.27e+03	1.32e+04	16.7	-295	 295
89.300000	2.28e+03	1.31e+04	16.7	-295	 296
89.400000	2.28e+03	1.31e+04	16.7	-296	 296
89.500000	2.28e+03	1.31e+04	16.7	-297	 297
89.600000	2.28e+03	1.31e+04	16.6	-297	 298
89.700000	2.28e+03	1.3e+04	16.6	-298	 298
89.800000	2.28e+03	1.3e+04	16.6	-298	 299
89.900000	2.29e+03	1.3e+04	16.6	-299	 299
90.000000	2.29e+03	1.29e+04	16.6	-299	 300
90.100000	2.29e+03	1.29e+04	16.5	-300	 300
90.200000	2.29e+03	1.29e+04	16.5	-301	 301
90.300000	2.29e+03	1.28e+04	16.5	-301	 302
90.400000	2.29e+03	1.28e+04	16.5	-302	 302
90.500000	2.29e+03	1.28e+04	16.4	-302	 303
90.600000	2.3e+03	1.28e+04	16.4	-303	 303
90.700000	2.3e+03	1.27e+04	16.4	-303	 304
90.800000	2.3e+03	1.27e+04	16.4	-304	 304
90.900000	2.3e+03	1.27e+04	16.3	-304	 305
91.000000	2.3e+03	1.26e+04	16.3	-305	 305
91.100000	2.3e+03	1.26e+04	16.3	-306	 306
91.200000	2.31e+03	1.26e+04	16.3	-306	 307
91.300000	2.31e+03	1.25e+04	16.3	-307	 307
91.400000	2.31e+03	1.25e+04	16.2	-307	 308
91.500000	2.31e+03	1.25e+04	16.2	-308	 308
91.600000	2.31e+03	1.24e+04	16.2	-308	 309
91.700000	2.31e+03	1.24e+04	16.2	-309	 309
91.800000	2.32e+03	1.24e+04	16.1	-309	 310
91.900000	2.32e+03	1.24e+04	16.1	-310	 310
92.000000	2.32e+03	1.23e+04	16.1	-310	 311
92.100000	2.32e+03	1.23e+04	16.1	-311	 311
92.200000	2.32e+03	1.23e+04	  16	-312	 312
92.300000	2.32e+03	1.22e+04	  16	-312	 312
92.400000	2.33e+03	1.22e+04	  16	-313	 313
92.500000	2.33e+03	1.22e+04	  16	-313	 314
92.600000	2.33e+03	1.21e+04	  16	-314	 314
92.700000	2.33e+03	1.21e+04	15.9	-314	 315
92.800000	2.33e+03	1.21e+04	15.9	-315	 315
92.900000	2.33e+03	1.2e+04	15.9	-315	 316
93.000000	2.34e+03	1.2e+04	15.9	-316	 316
93.100000	2.34e+03	1.2e+04	15.8	-316	 317
93.200000	2.34e+03	1.19e+04	15.8	-317	 317
93.300000	2.34e+03	1.19e+04	15.8	-317	 318
93.400000	2.34e+03	1.19e+04	15.8	-318	 318
93.500000	2.34e+03	1.19e+04	15.7	-318	 319
93.600000	2.34e+03	1.18e+04	15.7	-319	 319
93.700000	2.35e+03	1.18e+04	15.7	-319	 320
93.800000	2.35e+03	1.18e+04	15.7	-320	 320
93.900000	2.35e+03	1.17e+04	15.7	-320	 321
94.000000	2.35e+03	1.17e+04	15.6	-321	 321
94.100000	2.35e+03	1.17e+04	15.6	-321	 322
94.200000	2.35e+03	1.16e+04	15.6	-322	 322
94.300000	2.36e+03	1.16e+04	15.6	-322	 323
94.400000	2.36e+03	1.16e+04	15.5	-323	 323
94.500000	2.36e+03	1.15e+04	15.5	-323	 324
94.600000	2.36e+03	1.15e+04	15.5	-324	 324
94.700000	2.36e+03	1.15e+04	15.5	-324	 325
94.800000	2.36e+03	1.14e+04	15.4	-325	 325
94.900000	2.37e+03	1.14e+04	15.4	-325	 326
95.000000	2.37e+03	1.14e+04	15.4	-326	 326
95.100000	2.37e+03	1.13e+04	15.4	-326	 327
95.200000	2.37e+03	1.13e+04	15.4	-327	 327
95.300000	2.37e+03	1.13e+04	15.3	-327	 328
95.400000	2.37e+03	1.12e+04	15.3	-328	 328
95.500000	2.37e+03	1.12e+04	15.3	-328	 329
95.600000	2.38e+03	1.12e+04	15.3	-329	 329
95.700000	2.38e+03	1.11e+04	15.2	-329	 330
95.800000	2.38e+03	1.11e+04	15.2	-330	 330
95.900000	2.38e+03	1.11e+04	15.2	-330	 331
96.000000	2.38e+03	1.1e+04	15.2	-331	 331
96.100000	2.38e+03	1.1e+04	15.1	-331	 332
96.200000	2.38e+03	1.1e+04	15.1	-332	 332
96.300000	2.39e+03	1.09e+04	15.1	-332	 333
96.400000	2.39e+03	1.09e+04	15.1	-333	 333
96.500000	2.39e+03	1.09e+04	15.1	-333	 333
96.600000	2.39e+03	1.08e+04	  15	-334	 334
96.700000	2.39e+03	1.08e+04	  15	-334	 334
96.800000	2.39e+03	1.08e+04	  15	-335	 335
96.900000	2.4e+03	1.07e+04	  15	-335	 335
97.000000	2.4e+03	1.07e+04	14.9	-335	 336
97.100000	2.4e+03	1.07e+04	14.9	-336	 336
97.200000	2.4e+03	1.06e+04	14.9	-336	 337
97.300000	2.4e+03	1.06e+04	14.9	-337	 337
97.400000	2.4e+03	1.06e+04	14.8	-337	 338
97.500000	2.4e+03	1.05e+04	14.8	-338	 338
97.600000	2.41e+03	1.05e+04	14.8	-338	 339
97.700000	2.41e+03	1.05e+04	14.8	-339	 339
97.800000	2.41e+03	1.04e+04	14.8	-339	 339
97.900000	2.41e+03	1.04e+04	14.7	-340	 340
98.000000	2.41e+03	1.04e+04	14.7	-340	 340
98.100000	2.41e+03	1.03e+04	14.7	-340	 341
98.200000	2.41e+03	1.03e+04	14.7	-341	 341
98.300000	2.42e+03	1.03e+04	14.6	-341	 342
98.400000	2.42e+03	1.02e+04	14.6	-342	 342
98.500000	2.42e+03	1.02e+04	14.6	-342	 343
98.600000	2.42e+03	1.02e+04	14.6	-343	 343
98.700000	2.42e+03	1.01e+04	14.6	-343	 343
98.800000	2.42e+03	1.01e+04	14.5	-344	 344
98.900000	2.42e+03	1.01e+04	14.5	-344	 344
99.000000	2.43e+03	1e+04	14.5	-344	 345
99.100000	2.43e+03	1e+04	14.5	-345	 345
99.200000	2.43e+03	9.96e+03	14.4	-345	 346
99.300000	2.43e+03	9.93e+03	14.4	-346	 346
99.400000	2.43e+03	9.89e+03	14.4	-346	 346
99.500000	2.43e+03	9.86e+03	14.4	-347	 347
99.600000	2.43e+03	9.82e+03	14.3	-347	 347
99.700000	2.44e+03	9.79e+03	14.3	-347	 348
99.800000	2.44e+03	9.75e+03	14.3	-348	 348
99.900000	2.44e+03	9.72e+03	14.3	-348	 349
100.000000	2.44e+03	9.68e+03	14.3	-349	 349
100.100000	2.44e+03	9.65e+03	14.2	-349	 349
100.200000	2.44e+03	9.61e+03	14.2	-350	 350
100.300000	2.44e+03	9.58e+03	14.2	-350	 350
100.400000	2.45e+03	9.54e+03	14.2	-350	 351
100.500000	2.45e+03	9.51e+03	14.1	-351	 351
100.600000	2.45e+03	9.47e+03	14.1	-351	 351
100.700000	2.45e+03	9.44e+03	14.1	-352	 352
100.800000	2.45e+03	9.4e+03	14.1	-352	 352
100.900000	2.45e+03	9.37e+03	  14	-352	 353
101.000000	2.45e+03	9.33e+03	  14	-353	 353
101.100000	2.46e+03	9.3e+03	  14	-353	 354
101.200000	2.46e+03	9.26e+03	  14	-354	 354
101.300000	2.46e+03	9.23e+03	  14	-354	 354
101.400000	2.46e+03	9.19e+03	13.9	-354	 355
101.500000	2.46e+03	9.16e+03	13.9	-355	 355
101.600000	2.46e+03	9.12e+03	13.9	-355	 356
101.700000	2.46e+03	9.08e+03	13.9	-356	 356
101.800000	2.47e+03	9.05e+03	13.8	-356	 356
101.900000	2.47e+03	9.01e+03	13.8	-356	 357
102.000000	2.47e+03	8.98e+03	13.8	-357	 357
102.100000	2.47e+03	8.94e+03	13.8	-357	 358
102.200000	2.47e+03	8.91e+03	13.8	-358	 358
102.300000	2.47e+03	8.87e+03	13.7	-358	 358
102.400000	2.47e+03	8.83e+03	13.7	-358	 359
102.500000	2.48e+03	8.8e+03	13.7	-359	 359
102.600000	2.48e+03	8.76e+03	13.7	-359	 359
102.700000	2.48e+03	8.73e+03	13.6	-360	 360
102.800000	2.48e+03	8.69e+03	13.6	-360	 360
102.900000	2.48e+03	8.65e+03	13.6	-360	 361
103.000000	2.48e+03	8.62e+03	13.6	-361	 361
103.100000	2.48e+03	8.58e+03	13.6	-361	 361
103.200000	2.49e+03	8.55e+03	13.5	-361	 362
103.300000	2.49e+03	8.51e+03	13.5	-362	 362
103.400000	2.49e+03	8.47e+03	13.5	-362	 363
103.500000	2.49e+03	8.44e+03	13.5	-363	 363
103.600000	2.49e+03	8.4e+03	13.4	-363	 363
103.700000	2.49e+03	8.37e+03	13.4	-363	 364
103.800000	2.49e+03	8.33e+03	13.4	-364	 364
103.900000	2.49e+03	8.29e+03	13.4	-364	 364
104.000000	2.5e+03	8.26e+03	13.3	-364	 365
104.100000	2.5e+03	8.22e+03	13.3	-365	 365
104.200000	2.5e+03	8.18e+03	13.3	-365	 365
104.300000	2.5e+03	8.15e+03	13.3	-366	 366
104.400000	2.5e+03	8.11e+03	13.3	-366	 366
104.500000	2.5e+03	8.07e+03	13.2	-366	 367
104.600000	2.5e+03	8.04e+03	13.2	-367	 367
104.700000	2.51e+03	8e+03	13.2	-367	 367
104.800000	2.51e+03	7.96e+03	13.2	-367	 368
104.900000	2.51e+03	7.93e+03	13.1	-368	 368
105.000000	2.51e+03	7.89e+03	13.1	-368	 368
105.100000	2.51e+03	7.85e+03	13.1	-368	 369
105.200000	2.51e+03	7.82e+03	13.1	-369	 369
105.300000	2.51e+03	7.78e+03	13.1	-369	 369
105.400000	2.51e+03	7.74e+03	  13	-370	 370
105.500000	2.52e+03	7.71e+03	  13	-370	 370
105.600000	2.52e+03	7.67e+03	  13	-370	 370
105.700000	2.52e+03	7.63e+03	  13	-371	 371
105.800000	2.52e+03	7.59e+03	12.9	-371	 371
105.900000	2.52e+03	7.56e+03	12.9	-371	 372
106.000000	2.52e+03	7.52e+03	12.9	-372	 372
106.100000	2.52e+03	7.48e+03	12.9	-372	 372
106.200000	2.52e+03	7.45e+03	12.9	-372	 373
106.300000	2.53e+03	7.41e+03	12.8	-373	 373
106.400000	2.53e+03	7.37e+03	12.8	-373	 373
106.500000	2.53e+03	7.33e+03	12.8	-373	 374
106.600000	2.53e+03	7.3e+03	12.8	-374	 374
106.700000	2.53e+03	7.26e+03	12.8	-374	 374
106.800000	2.53e+03	7.22e+03	12.7	-374	 375
106.900000	2.53e+03	7.18e+03	12.7	-375	 375
107.000000	2.53e+03	7.15e+03	12.7	-375	 375
107.100000	2.54e+03	7.11e+03	12.7	-375	 376
107.200000	2.54e+03	7.07e+03	12.6	-376	 376
107.300000	2.54e+03	7.03e+03	12.6	-376	 376
107.400000	2.54e+03	7e+03	12.6	-376	 377
107.500000	2.54e+03	6.96e+03	12.6	-377	 377
107.600000	2.54e+03	6.92e+03	12.6	-377	 377
107.700000	2.54e+03	6.88e+03	12.5	-377	 378
107.800000	2.55e+03	6.85e+03	12.5	-378	 378
107.900000	2.55e+03	6.81e+03	12.5	-378	 378
108.000000	2.55e+03	6.77e+03	12.5	-378	 379
108.100000	2.55e+03	6.73e+03	12.4	-379	 379
108.200000	2.55e+03	6.69e+03	12.4	-379	 379
108.300000	2.55e+03	6.66e+03	12.4	-379	 379
108.400000	2.55e+03	6.62e+03	12.4	-380	 380
108.500000	2.55e+03	6.58e+03	12.4	-380	 380
108.600000	2.55e+03	6.54e+03	12.3	-380	 380
108.700000	2.56e+03	6.5e+03	12.3	-381	 381
108.800000	2.56e+03	6.47e+03	12.3	-381	 381
108.900000	2.56e+03	6.43e+03	12.3	-381	 381
109.000000	2.56e+03	6.39e+03	12.3	-381	 382
109.100000	2.56e+03	6.35e+03	12.2	-382	 382
109.200000	2.56e+03	6.31e+03	12.2	-382	 382
109.300000	2.56e+03	6.28e+03	12.2	-382	 383
109.400000	2.56e+03	6.24e+03	12.2	-383	 383
109.500000	2.57e+03	6.2e+03	12.1	-383	 383
109.600000	2.57e+03	6.16e+03	12.1	-383	 384
109.700000	2.57e+03	6.12e+03	12.1	-384	 384
109.800000	2.57e+03	6.08e+03	12.1	-384	 384
109.900000	2.57e+03	6.05e+03	12.1	-384	 384
110.000000	2.57e+03	6.01e+03	  12	-385	 385
110.100000	2.57e+03	5.97e+03	  12	-385	 385
110.200000	2.57e+03	5.93e+03	  12	-385	 385
110.300000	2.58e+03	5.89e+03	  12	-385	 386
110.400000	2.58e+03	5.85e+03	  12	-386	 386
110.500000	2.58e+03	5.81e+03	11.9	-386	 386
110.600000	2.58e+03	5.78e+03	11.9	-386	 387
110.700000	2.58e+03	5.74e+03	11.9	-387	 387
110.800000	2.58e+03	5.7e+03	11.9	-387	 387
110.900000	2.58e+03	5.66e+03	11.8	-387	 387
111.000000	2.58e+03	5.62e+03	11.8	-387	 388
111.100000	2.59e+03	5.58e+03	11.8	-388	 388
111.200000	2.59e+03	5.54e+03	11.8	-388	 388
111.300000	2.59e+03	5.5e+03	11.8	-388	 389
111.400000	2.59e+03	5.47e+03	11.7	-389	 389
111.500000	2.59e+03	5.43e+03	11.7	-389	 389
111.600000	2.59e+03	5.39e+03	11.7	-389	 389
111.700000	2.59e+03	5.35e+03	11.7	-389	 390
111.800000	2.59e+03	5.31e+03	11.7	-390	 390
111.900000	2.59e+03	5.27e+03	11.6	-390	 390
112.000000	2.6e+03	5.23e+03	11.6	-390	 391
112.100000	2.6e+03	5.19e+03	11.6	-391	 391
112.200000	2.6e+03	5.15e+03	11.6	-391	 391
112.300000	2.6e+03	5.11e+03	11.6	-391	 391
112.400000	2.6e+03	5.08e+03	11.5	-391	 392
112.500000	2.6e+03	5.04e+03	11.5	-392	 392
112.600000	2.6e+03	5e+03	11.5	-392	 392
112.700000	2.6e+03	4.96e+03	11.5	-392	 392
112.800000	2.6e+03	4.92e+03	11.5	-393	 393
112.900000	2.61e+03	4.88e+03	11.4	-393	 393
113.000000	2.61e+03	4.84e+03	11.4	-393	 393
113.100000	2.61e+03	4.8e+03	11.4	-393	 394
113.200000	2.61e+03	4.76e+03	11.4	-394	 394
113.300000	2.61e+03	4.72e+03	11.3	-394	 394
113.400000	2.61e+03	4.68e+03	11.3	-394	 394
113.500000	2.61e+03	4.64e+03	11.3	-394	 395
113.600000	2.61e+03	4.6e+03	11.3	-395	 395
113.700000	2.62e+03	4.56e+03	11.3	-395	 395
113.800000	2.62e+03	4.52e+03	11.2	-395	 395
113.900000	2.62e+03	4.49e+03	11.2	-395	 396
114.000000	2.62e+03	4.45e+03	11.2	-396	 396
114.100000	2.62e+03	4.41e+03	11.2	-396	 396
114.200000	2.62e+03	4.37e+03	11.2	-396	 396
114.300000	2.62e+03	4.33e+03	11.1	-397	 397
114.400000	2.62e+03	4.29e+03	11.1	-397	 397
114.500000	2.62e+03	4.25e+03	11.1	-397	 397
114.600000	2.63e+03	4.21e+03	11.1	-397	 397
114.700000	2.63e+03	4.17e+03	11.1	-398	 398
114.800000	2.63e+03	4.13e+03	  11	-398	 398
114.900000	2.63e+03	4.09e+03	  11	-398	 398
115.000000	2.63e+03	4.05e+03	  11	-398	 398
115.100000	2.63e+03	4.01e+03	  11	-399	 399
115.200000	2.63e+03	3.97e+03	  11	-399	 399
115.300000	2.63e+03	3.93e+03	10.9	-399	 399
115.400000	2.63e+03	3.89e+03	10.9	-399	 399
115.500000	2.64e+03	3.85e+03	10.9	-400	 400
115.600000	2.64e+03	3.81e+03	10.9	-400	 400
115.700000	2.64e+03	3.77e+03	10.9	-400	 400
115.800000	2.64e+03	3.73e+03	10.8	-400	 400
115.900000	2.64e+03	3.69e+03	10.8	-401	 401
116.000000	2.64e+03	3.65e+03	10.8	-401	 401
116.100000	2.64e+03	3.61e+03	10.8	-401	 401
116.200000	2.64e+03	3.57e+03	10.8	-401	 401
116.300000	2.64e+03	3.53e+03	10.7	-401	 402
116.400000	2.64e+03	3.49e+03	10.7	-402	 402
116.500000	2.65e+03	3.45e+03	10.7	-402	 402
116.600000	2.65e+03	3.41e+03	10.7	-402	 402
116.700000	2.65e+03	3.37e+03	10.7	-402	 403
116.800000	2.65e+03	3.33e+03	10.6	-403	 403
116.900000	2.65e+03	3.29e+03	10.6	-403	 403
117.000000	2.65e+03	3.25e+03	10.6	-403	 403
117.100000	2.65e+03	3.21e+03	10.6	-403	 404
117.200000	2.65e+03	3.17e+03	10.6	-404	 404
117.300000	2.65e+03	3.13e+03	10.5	-404	 404
117.400000	2.66e+03	3.09e+03	10.5	-404	 404
117.500000	2.66e+03	3.05e+03	10.5	-404	 404
117.600000	2.66e+03	3e+03	10.5	-405	 405
117.700000	2.66e+03	2.96e+03	10.5	-405	 405
117.800000	2.66e+03	2.92e+03	10.4	-405	 405
117.900000	2.66e+03	2.88e+03	10.4	-405	 405
118.000000	2.66e+03	2.84e+03	10.4	-405	 406
118.100000	2.66e+03	2.8e+03	10.4	-406	 406
118.200000	2.66e+03	2.76e+03	10.4	-406	 406
118.300000	2.66e+03	2.72e+03	10.4	-406	 406
118.400000	2.67e+03	2.68e+03	10.3	-406	 406
118.500000	2.67e+03	2.64e+03	10.3	-407	 407
118.600000	2.67e+03	2.6e+03	10.3	-407	 407
118.700000	2.67e+03	2.56e+03	10.3	-407	 407
118.800000	2.67e+03	2.52e+03	10.3	-407	 407
118.900000	2.67e+03	2.48e+03	10.2	-407	 408
119.000000	2.67e+03	2.44e+03	10.2	-408	 408
119.100000	2.67e+03	2.4e+03	10.2	-408	 408
119.200000	2.67e+03	2.35e+03	10.2	-408	 408
119.300000	2.68e+03	2.31e+03	10.2	-408	 408
119.400000	2.68e+03	2.27e+03	10.1	-409	 409
119.500000	2.68e+03	2.23e+03	10.1	-409	 409
119.600000	2.68e+03	2.19e+03	10.1	-409	 409
119.700000	2.68e+03	2.15e+03	10.1	-409	 409
119.800000	2.68e+03	2.11e+03	10.1	-409	 409
119.900000	2.68e+03	2.07e+03	  10	-410	 410
120.000000	2.68e+03	2.03e+03	  10	-410	 410
120.100000	2.68e+03	1.99e+03	  10	-410	 410
120.200000	2.68e+03	1.95e+03	9.99	-410	 410
120.300000	2.69e+03	1.9e+03	9.97	-410	 411
120.400000	2.69e+03	1.86e+03	9.95	-411	 411
120.500000	2.69e+03	1.82e+03	9.93	-411	 411
120.600000	2.69e+03	1.78e+03	9.92	-411	 411
120.700000	2.69e+03	1.74e+03	 9.9	-411	 411
120.800000	2.69e+03	1.7e+03	9.88	-411	 412
120.900000	2.69e+03	1.66e+03	9.86	-412	 412
121.000000	2.69e+03	1.62e+03	9.84	-412	 412
121.100000	2.69e+03	1.58e+03	9.82	-412	 412
121.200000	2.69e+03	1.53e+03	 9.8	-412	 412
121.300000	2.7e+03	1.49e+03	9.79	-412	 413
121.400000	2.7e+03	1.45e+03	9.77	-413	 413
121.500000	2.7e+03	1.41e+03	9.75	-413	 413
121.600000	2.7e+03	1.37e+03	9.73	-413	 413
121.700000	2.7e+03	1.33e+03	9.71	-413	 413
121.800000	2.7e+03	1.29e+03	9.69	-413	 414
121.900000	2.7e+03	1.25e+03	9.67	-414	 414
122.000000	2.7e+03	1.2e+03	9.66	-414	 414
122.100000	2.7e+03	1.16e+03	9.64	-414	 414
122.200000	2.7e+03	1.12e+03	9.62	-414	 414
122.300000	2.7e+03	1.08e+03	 9.6	-414	 414
122.400000	2.71e+03	1.04e+03	9.58	-415	 415
122.500000	2.71e+03	 997	9.56	-415	 415
122.600000	2.71e+03	 955	9.55	-415	 415
122.700000	2.71e+03	 914	9.53	-415	 415
122.800000	2.71e+03	 872	9.51	-415	 415
122.900000	2.71e+03	 831	9.49	-415	 416
123.000000	2.71e+03	 789	9.47	-416	 416
123.100000	2.71e+03	 748	9.46	-416	 416
123.200000	2.71e+03	 706	9.44	-416	 416
123.300000	2.71e+03	 664	9.42	-416	 416
123.400000	2.72e+03	 623	 9.4	-416	 417
123.500000	2.72e+03	 581	9.38	-417	 417
123.600000	2.72e+03	 539	9.37	-417	 417
123.700000	2.72e+03	 498	9.35	-417	 417
123.800000	2.72e+03	 456	9.33	-417	 417
123.900000	2.72e+03	 414	9.31	-417	 417
124.000000	2.72e+03	 373	9.29	-418	 418
124.100000	2.72e+03	 331	9.28	-418	 418
124.200000	2.72e+03	 289	9.26	-418	 418
124.300000	2.72e+03	 247	9.24	-418	 418
124.400000	2.72e+03	 205	9.22	-418	 418
124.500000	2.73e+03	 164	9.21	-418	 419
124.600000	2.73e+03	 122	9.19	-419	 419
124.700000	2.73e+03	79.9	9.17	-419	 419
124.800000	2.73e+03	38.1	9.15	-419	 419
124.900000	2.73e+03	-3.85	9.14	-419	 419
